iteration 0

avarage loss in epoch: 1.0541489507734292 
Accuracy: 0.24295227524972254
Confusion Matrix:
[[ 805   88    9   45 1147]
 [ 103 1032   23   35 1956]
 [  51   16   22   18 1161]
 [ 117   82   12  330 1551]
 [ 139  181    9   78    0]]
iteration 1

avarage loss in epoch: 1.0142150511913801 
Accuracy: 0.4246119733924612
Confusion Matrix:
[[1102  130   11  177  674]
 [  92 1942    9   81 1025]
 [  82   56   60   75  995]
 [ 118  148   10  726 1090]
 [ 110  202    8   97    0]]
iteration 2

avarage loss in epoch: 0.9847611229550255 
Accuracy: 0.5422443674176777
Confusion Matrix:
[[1358  132   39  114  451]
 [  63 2338   23   95  630]
 [  75  104  339   69  681]
 [ 127  159   47  971  788]
 [  91  336   75  127    0]]
iteration 3

avarage loss in epoch: 0.9645439237205506 
Accuracy: 0.605409532119097
Confusion Matrix:
[[1373  135   49  170  367]
 [  37 2509   27   66  510]
 [  63   78  517   57  553]
 [  90  158   47 1152  645]
 [  71  289   73  133    0]]
iteration 4

avarage loss in epoch: 0.9517019726337876 
Accuracy: 0.6348645465253239
Confusion Matrix:
[[1349  107   64  251  323]
 [  33 2601   40  101  374]
 [  41   54  640   61  472]
 [  65  133   50 1339  505]
 [  50  347  153  186    0]]
iteration 5

avarage loss in epoch: 0.9427897766637658 
Accuracy: 0.658211927470915
Confusion Matrix:
[[1553   91   59  142  249]
 [  60 2644   65  110  270]
 [  56   57  697   46  412]
 [  97  118   64 1386  427]
 [ 154  333  245  206    0]]
iteration 6

avarage loss in epoch: 0.9369636544675869 
Accuracy: 0.664727657324167
Confusion Matrix:
[[1482   60   96  221  235]
 [  54 2622   65  128  280]
 [  36   43  724   52  413]
 [  65  100   64 1457  406]
 [  89  253  210  300    0]]
iteration 7

avarage loss in epoch: 0.9332054821328872 
Accuracy: 0.6715809284818067
Confusion Matrix:
[[1568   42   53  212  219]
 [  92 2560   36  236  225]
 [  41   40  745   65  377]
 [  79   75   42 1550  346]
 [ 130  240  140  451    0]]
iteration 8

avarage loss in epoch: 0.9297697634140301 
Accuracy: 0.6895493970806008
Confusion Matrix:
[[1544   68   62  206  214]
 [  45 2684   35  163  222]
 [  34   41  751   54  388]
 [  68   90   41 1540  353]
 [ 104  269  165  313    0]]
iteration 9

avarage loss in epoch: 0.9270254417226533 
Accuracy: 0.6770590027419519
Confusion Matrix:
[[1639   57   66  182  150]
 [  87 2662   48  184  168]
 [  59   42  787   66  314]
 [ 114   91   43 1579  265]
 [ 282  335  279  348    0]]
iteration 10

avarage loss in epoch: 0.9248465595039699 
Accuracy: 0.6778353132297695
Confusion Matrix:
[[1657   44   75  169  149]
 [ 125 2596   58  212  158]
 [  44   43  829   70  282]
 [ 116   56   58 1594  268]
 [ 338  241  324  343    0]]
iteration 11

avarage loss in epoch: 0.9229446439521416 
Accuracy: 0.6714801444043321
Confusion Matrix:
[[1673   31   95  159  136]
 [ 120 2565   96  223  145]
 [  50   30  839   65  284]
 [ 108   63   59 1619  243]
 [ 324  201  374  470    0]]
iteration 12

avarage loss in epoch: 0.9215902102452874 
Accuracy: 0.6691612401593935
Confusion Matrix:
[[1709   44   74  148  119]
 [ 115 2676   99  146  113]
 [  43   39  891   53  242]
 [ 109   85   72 1609  217]
 [ 391  304  533  458    0]]
iteration 13

avarage loss in epoch: 0.9204826839491105 
Accuracy: 0.6561302681992337
Confusion Matrix:
[[1741   21  105  122  105]
 [ 173 2569  162  136  109]
 [  69   26  945   33  195]
 [ 141   57  112 1595  187]
 [ 526  260  773  278    0]]
iteration 14

avarage loss in epoch: 0.9192563273686574 
Accuracy: 0.6630673674151935
Confusion Matrix:
[[1740   33   74  154   93]
 [ 162 2585  133  160  109]
 [  55   30  948   52  183]
 [  91   61   86 1666  188]
 [ 375  255  794  438    0]]
iteration 15

avarage loss in epoch: 0.9183413332490045 
Accuracy: 0.6571157495256167
Confusion Matrix:
[[1751   31   83  141   88]
 [ 142 2554  146  215   92]
 [  50   27  968   48  175]
 [ 110   53   83 1653  193]
 [ 426  199  747  565    0]]
iteration 16

avarage loss in epoch: 0.9175768770942694 
Accuracy: 0.6565934065934066
Confusion Matrix:
[[1740   27   89  160   78]
 [ 143 2522  189  213   82]
 [  45   22  973   64  164]
 [  91   46   85 1696  174]
 [ 265  180  905  603    0]]
iteration 17

avarage loss in epoch: 0.9168420877556919 
Accuracy: 0.6397331356560415
Confusion Matrix:
[[1726   30  108  158   72]
 [ 147 2529  210  187   76]
 [  47   26 1003   52  140]
 [ 114   44  127 1646  161]
 [ 387  168 1257  377    0]]
iteration 18

avarage loss in epoch: 0.9161509012995083 
Accuracy: 0.6271248068357422
Confusion Matrix:
[[1797   22   83  118   74]
 [ 203 2433  242  210   61]
 [  64   23  998   47  136]
 [ 142   32  115 1671  132]
 [ 625  132 1139  502    0]]
iteration 19

avarage loss in epoch: 0.9156510725662279 
Accuracy: 0.6422651933701657
Confusion Matrix:
[[1796   24   83  113   78]
 [ 198 2521  210  155   65]
 [  48   29 1003   44  144]
 [ 121   56  105 1655  155]
 [ 626  177 1059  395    0]]
iteration 20

avarage loss in epoch: 0.9152347230743659 
Accuracy: 0.6471677156608664
Confusion Matrix:
[[1797   22   61  138   76]
 [ 202 2533  148  196   70]
 [  49   36  969   68  146]
 [ 136   34   87 1693  142]
 [ 642  161  787  611    0]]
iteration 21

avarage loss in epoch: 0.9148764689251355 
Accuracy: 0.6427191610707387
Confusion Matrix:
[[1783   27   46  167   71]
 [ 196 2514  125  249   65]
 [  76   31  973   63  125]
 [ 137   29   69 1717  140]
 [ 740  192  742  594    0]]
iteration 22

avarage loss in epoch: 0.9145167487469176 
Accuracy: 0.6452477810650887
Confusion Matrix:
[[1837   18   58  105   76]
 [ 262 2487  104  222   74]
 [  69   27  989   53  130]
 [ 161   33   86 1666  146]
 [ 794  161  711  547    0]]
iteration 23

avarage loss in epoch: 0.914173894177403 
Accuracy: 0.6377392889699179
Confusion Matrix:
[[1796   27   59  147   65]
 [ 225 2506  115  235   68]
 [  72   29 1002   52  113]
 [ 145   36   87 1692  132]
 [ 807  199  767  594    0]]
iteration 24

avarage loss in epoch: 0.9138764247037757 
Accuracy: 0.6355962969685969
Confusion Matrix:
[[1808   24   72  117   73]
 [ 248 2517  147  171   66]
 [  67   31 1019   42  109]
 [ 144   47  107 1659  135]
 [ 732  183 1039  461    0]]
iteration 25

avarage loss in epoch: 0.9136621298401083 
Accuracy: 0.6254506128334535
Confusion Matrix:
[[1768   20   75  161   70]
 [ 243 2449  127  270   60]
 [  63   25 1025   53  102]
 [ 136   35   96 1698  127]
 [ 763  189  869  672    0]]
iteration 26

avarage loss in epoch: 0.9133857156105136 
Accuracy: 0.6292114533465811
Confusion Matrix:
[[1830   16   39  148   61]
 [ 331 2454   87  215   62]
 [  95   18  985   60  110]
 [ 182   29   59 1697  125]
 [1093  180  567  628    0]]
iteration 27

avarage loss in epoch: 0.9131292819658716 
Accuracy: 0.6270392068499324
Confusion Matrix:
[[1785   14   56  180   59]
 [ 280 2449  112  242   66]
 [  76   19 1003   63  107]
 [ 146   26   82 1720  118]
 [ 933  151  653  755    0]]
iteration 28

avarage loss in epoch: 0.9128534092811887 
Accuracy: 0.6417448319825153
Confusion Matrix:
[[1820   16   48  145   65]
 [ 253 2503   70  260   63]
 [  70   26  994   72  106]
 [ 145   34   61 1730  122]
 [1003  183  510  682    0]]
iteration 29

avarage loss in epoch: 0.9126482652208435 
Accuracy: 0.6276270881983115
Confusion Matrix:
[[1850   14   38  138   54]
 [ 334 2447   67  244   57]
 [  86   23  986   67  106]
 [ 176   30   65 1705  116]
 [1136  171  529  695    0]]
iteration 30

avarage loss in epoch: 0.9124598693191112 
Accuracy: 0.6282909415439536
Confusion Matrix:
[[1832   11   40  160   51]
 [ 315 2522   58  201   53]
 [  92   32  981   61  102]
 [ 177   38   60 1705  112]
 [1203  196  597  606    0]]
iteration 31

avarage loss in epoch: 0.9122506180490929 
Accuracy: 0.6393928507275013
Confusion Matrix:
[[1802   42   43  153   54]
 [ 212 2601   72  214   50]
 [  71   41  990   60  106]
 [ 117   61   79 1726  109]
 [ 815  292  678  746    0]]
iteration 32

avarage loss in epoch: 0.9120951263250554 
Accuracy: 0.6362983574185441
Confusion Matrix:
[[1805   21   37  187   44]
 [ 266 2600   67  163   53]
 [  91   37  975   65  100]
 [ 161   44   69 1709  109]
 [1153  291  508  586    0]]
iteration 33

avarage loss in epoch: 0.9119226268103772 
Accuracy: 0.6401522014857765
Confusion Matrix:
[[1805   38   48  154   49]
 [ 276 2576   81  165   51]
 [  86   33  997   53   99]
 [ 183   38   64 1688  119]
 [1099  304  539  493    0]]
iteration 34

avarage loss in epoch: 0.9117797947701825 
Accuracy: 0.6435750179468772
Confusion Matrix:
[[1822   46   44  142   40]
 [ 221 2633   91  153   51]
 [  79   34 1001   58   96]
 [ 149   53   66 1716  108]
 [1019  341  511  670    0]]
loss list: [1.0541489507734292, 1.0142150511913801, 0.9847611229550255, 0.9645439237205506, 0.9517019726337876, 0.9427897766637658, 0.9369636544675869, 0.9332054821328872, 0.9297697634140301, 0.9270254417226533, 0.9248465595039699, 0.9229446439521416, 0.9215902102452874, 0.9204826839491105, 0.9192563273686574, 0.9183413332490045, 0.9175768770942694, 0.9168420877556919, 0.9161509012995083, 0.9156510725662279, 0.9152347230743659, 0.9148764689251355, 0.9145167487469176, 0.914173894177403, 0.9138764247037757, 0.9136621298401083, 0.9133857156105136, 0.9131292819658716, 0.9128534092811887, 0.9126482652208435, 0.9124598693191112, 0.9122506180490929, 0.9120951263250554, 0.9119226268103772, 0.9117797947701825]
accuracy list: [0.24295227524972254, 0.4246119733924612, 0.5422443674176777, 0.605409532119097, 0.6348645465253239, 0.658211927470915, 0.664727657324167, 0.6715809284818067, 0.6895493970806008, 0.6770590027419519, 0.6778353132297695, 0.6714801444043321, 0.6691612401593935, 0.6561302681992337, 0.6630673674151935, 0.6571157495256167, 0.6565934065934066, 0.6397331356560415, 0.6271248068357422, 0.6422651933701657, 0.6471677156608664, 0.6427191610707387, 0.6452477810650887, 0.6377392889699179, 0.6355962969685969, 0.6254506128334535, 0.6292114533465811, 0.6270392068499324, 0.6417448319825153, 0.6276270881983115, 0.6282909415439536, 0.6393928507275013, 0.6362983574185441, 0.6401522014857765, 0.6435750179468772]
