iteration 0

avarage loss in epoch: 1.0400956719111487 
Accuracy: 0.360976148409894
Confusion Matrix:
[[   0  196  107  879   86]
 [   0 1102  199  738   55]
 [   0  122 1597 1384   46]
 [   0  120  267    0   66]
 [   0  165  187 1170  570]]
iteration 1

avarage loss in epoch: 0.9826542635525632 
Accuracy: 0.513390830685429
Confusion Matrix:
[[ 313  168   83  561  143]
 [  53 1417  105  426   93]
 [  33  116 1810 1142   48]
 [  23   44   77    0   65]
 [  79  157  121  751  984]]
iteration 2

avarage loss in epoch: 0.9538178782815127 
Accuracy: 0.6021677124928694
Confusion Matrix:
[[ 636   96   50  426   60]
 [  44 1511   83  366   90]
 [  38   98 1943 1046   24]
 [  27   36   51    0   48]
 [  53  151  104  596 1188]]
iteration 3

avarage loss in epoch: 0.9392817396523153 
Accuracy: 0.6405034324942792
Confusion Matrix:
[[ 728   59   52  387   42]
 [  43 1556   87  332   76]
 [  20   81 2037  993   18]
 [  24   25   51    0   37]
 [  57  128  106  524 1277]]
iteration 4

avarage loss in epoch: 0.9315934994495588 
Accuracy: 0.6602431750401468
Confusion Matrix:
[[ 771   64   36  367   30]
 [  35 1604   72  311   72]
 [  12   60 2052 1007   18]
 [  16   16   40    0   43]
 [  52  120   82  509 1329]]
iteration 5

avarage loss in epoch: 0.927306173963948 
Accuracy: 0.6702298850574713
Confusion Matrix:
[[ 793   60   26  359   30]
 [  38 1623   65  290   78]
 [  11   72 2024 1021   21]
 [  14   14   25    0   44]
 [  46  105   59  491 1391]]
iteration 6

avarage loss in epoch: 0.9240940700445529 
Accuracy: 0.6787809085681427
Confusion Matrix:
[[ 812   58   31  342   25]
 [  35 1653   55  279   72]
 [  12   70 2026 1025   16]
 [  15   20   24    0   33]
 [  42  112   55  472 1411]]
iteration 7

avarage loss in epoch: 0.9219291929569898 
Accuracy: 0.7030191711628975
Confusion Matrix:
[[ 838   39   30  321   40]
 [  36 1664   39  273   82]
 [  14   60 2157  896   22]
 [  19   16   23    0   50]
 [  44   96   48  439 1465]]
iteration 8

avarage loss in epoch: 0.9200585948717943 
Accuracy: 0.7009066911511534
Confusion Matrix:
[[ 854   47   23  320   24]
 [  26 1678   39  271   80]
 [  14   77 2123  924   11]
 [  30   13   24    0   43]
 [  42  110   44  444 1452]]
iteration 9

avarage loss in epoch: 0.9186690909918832 
Accuracy: 0.7005967408767501
Confusion Matrix:
[[ 856   51   21  313   27]
 [  32 1702   31  259   70]
 [  20   75 2123  918   13]
 [  26   17   26    0   42]
 [  52  123   44  449 1424]]
iteration 10

avarage loss in epoch: 0.9177390113321433 
Accuracy: 0.7013210798391729
Confusion Matrix:
[[ 854   37   30  317   30]
 [  27 1686   50  260   71]
 [  13   47 2116  955   18]
 [  22   19   21    0   40]
 [  49  108   43  443 1449]]
iteration 11

avarage loss in epoch: 0.9169189059713833 
Accuracy: 0.7011943040881947
Confusion Matrix:
[[ 893   41   16  300   18]
 [  30 1692   42  260   70]
 [  23   48 2080  973   25]
 [  40   14   14    0   37]
 [  64  107   37  443 1441]]
iteration 12

avarage loss in epoch: 0.9159334317145728 
Accuracy: 0.7080987937966686
Confusion Matrix:
[[ 902   32   20  292   22]
 [  34 1696   43  256   65]
 [  17   50 2124  939   19]
 [  32   15   23    0   32]
 [  51  114   53  432 1442]]
iteration 13

avarage loss in epoch: 0.9151656667372813 
Accuracy: 0.7088360335516488
Confusion Matrix:
[[ 903   40   13  292   20]
 [  35 1708   33  251   67]
 [  19   50 2081  976   23]
 [  41   16   12    0   31]
 [  53   97   40  425 1477]]
iteration 14

avarage loss in epoch: 0.9146639660418024 
Accuracy: 0.706234184495054
Confusion Matrix:
[[ 909   34   11  293   21]
 [  27 1695   32  256   84]
 [  21   54 2044 1000   30]
 [  29   13   13    0   36]
 [  55   88   34  423 1492]]
iteration 15

avarage loss in epoch: 0.9141756219146361 
Accuracy: 0.7150915160584782
Confusion Matrix:
[[ 907   45   17  275   24]
 [  22 1729   27  256   60]
 [  11   53 2096  966   23]
 [  27   15   15    0   27]
 [  43   98   43  428 1480]]
iteration 16

avarage loss in epoch: 0.9136860752989573 
Accuracy: 0.7112619348901414
Confusion Matrix:
[[ 924   41   16  269   18]
 [  26 1733   25  253   57]
 [  10   56 2052 1009   22]
 [  31   15   11    0   33]
 [  59   97   40  422 1474]]
iteration 17

avarage loss in epoch: 0.9132651000277977 
Accuracy: 0.718261269549218
Confusion Matrix:
[[ 925   35   16  270   22]
 [  22 1723   25  248   76]
 [   9   55 2109  957   19]
 [  30   17   14    0   32]
 [  41   99   37  426 1489]]
iteration 18

avarage loss in epoch: 0.9129753337673937 
Accuracy: 0.7193930336820324
Confusion Matrix:
[[ 930   30   18  264   26]
 [  26 1725   24  246   73]
 [  14   55 2097  957   26]
 [  31   14   15    0   36]
 [  39   97   29  421 1506]]
iteration 19

avarage loss in epoch: 0.9127463033160897 
Accuracy: 0.7183114791810444
Confusion Matrix:
[[ 924   33   20  272   19]
 [  20 1708   41  247   78]
 [  14   44 2124  945   22]
 [  23   15   23    0   30]
 [  46   92   38  427 1489]]
iteration 20

avarage loss in epoch: 0.9125168227485586 
Accuracy: 0.7153695827106564
Confusion Matrix:
[[ 930   32   13  266   27]
 [  22 1730   25  242   75]
 [  22   54 2076  972   25]
 [  37   12   19    0   28]
 [  59   94   32  420 1487]]
iteration 21

avarage loss in epoch: 0.9122678743698368 
Accuracy: 0.7175511141741328
Confusion Matrix:
[[ 932   29   24  264   19]
 [  28 1708   42  243   73]
 [  18   53 2118  941   19]
 [  36   16   17    0   34]
 [  65   84   38  416 1489]]
iteration 22

avarage loss in epoch: 0.9120033145715387 
Accuracy: 0.7236388697450035
Confusion Matrix:
[[ 933   22   18  267   28]
 [  35 1703   35  241   80]
 [  22   47 2166  890   24]
 [  39   14   21    0   29]
 [  59   72   42  421 1498]]
iteration 23

avarage loss in epoch: 0.9116453014497147 
Accuracy: 0.7182434762616393
Confusion Matrix:
[[ 947   27   20  260   14]
 [  43 1699   34  247   71]
 [  25   40 2131  929   24]
 [  40   13   18    0   25]
 [  68   73   43  437 1471]]
iteration 24

avarage loss in epoch: 0.9111212345891093 
Accuracy: 0.7231404958677686
Confusion Matrix:
[[ 959   24   16  248   21]
 [  32 1717   32  248   65]
 [  26   35 2134  937   17]
 [  52    9   14    0   34]
 [  53   84   44  421 1490]]
iteration 25

avarage loss in epoch: 0.910897065482564 
Accuracy: 0.7200552295478081
Confusion Matrix:
[[ 955   26   16  249   22]
 [  31 1720   26  247   70]
 [  24   59 2104  942   20]
 [  30   11   13    0   34]
 [  65   84   41  423 1479]]
iteration 26

avarage loss in epoch: 0.9107114494583444 
Accuracy: 0.7194799217581406
Confusion Matrix:
[[ 961   26   16  249   16]
 [  30 1696   44  249   75]
 [  20   39 2112  957   21]
 [  38    8   11    0   31]
 [  53   78   51  426 1484]]
iteration 27

avarage loss in epoch: 0.9105409879966389 
Accuracy: 0.7224522659305268
Confusion Matrix:
[[ 971   28   16  243   10]
 [  36 1706   44  248   60]
 [  18   45 2121  948   17]
 [  41    7   13    0   30]
 [  56   87   50  416 1483]]
iteration 28

avarage loss in epoch: 0.9103823232385971 
Accuracy: 0.7235510579576817
Confusion Matrix:
[[ 957   28   19  243   21]
 [  39 1685   56  249   65]
 [  20   28 2150  935   16]
 [  32    7   17    0   37]
 [  47   73   47  425 1500]]
iteration 29

avarage loss in epoch: 0.9102307336908093 
Accuracy: 0.7216850828729282
Confusion Matrix:
[[ 966   27   15  241   19]
 [  43 1699   33  250   69]
 [  26   49 2099  949   26]
 [  31    9   15    0   30]
 [  57   69   33  427 1506]]
iteration 30

avarage loss in epoch: 0.9101175192411975 
Accuracy: 0.7281620439636322
Confusion Matrix:
[[ 967   25   15  243   18]
 [  31 1728   24  247   64]
 [  30   54 2115  925   25]
 [  29    9   17    0   31]
 [  46   71   36  422 1517]]
iteration 31

avarage loss in epoch: 0.9100039756467752 
Accuracy: 0.7264790350373349
Confusion Matrix:
[[ 965   30   14  243   16]
 [  33 1717   27  247   70]
 [  22   53 2138  913   23]
 [  44   10   16    0   32]
 [  51   79   37  421 1504]]
iteration 32

avarage loss in epoch: 0.9099286824590664 
Accuracy: 0.7270217416311975
Confusion Matrix:
[[ 957   31   14  247   19]
 [  27 1713   30  247   77]
 [  17   55 2138  913   26]
 [  38   11   13    0   28]
 [  52   66   43  419 1512]]
iteration 33

avarage loss in epoch: 0.9098407323886657 
Accuracy: 0.7247843588269121
Confusion Matrix:
[[ 965   31   15  243   14]
 [  27 1727   30  251   59]
 [  21   50 2092  959   27]
 [  37   14    8    0   33]
 [  40   70   40  424 1518]]
iteration 34

avarage loss in epoch: 0.9097414098117118 
Accuracy: 0.7265822784810126
Confusion Matrix:
[[ 965   28   14  246   15]
 [  30 1730   36  247   51]
 [  24   47 2125  932   21]
 [  33   10   11    0   33]
 [  46   85   40  427 1494]]
loss list: [1.0400956719111487, 0.9826542635525632, 0.9538178782815127, 0.9392817396523153, 0.9315934994495588, 0.927306173963948, 0.9240940700445529, 0.9219291929569898, 0.9200585948717943, 0.9186690909918832, 0.9177390113321433, 0.9169189059713833, 0.9159334317145728, 0.9151656667372813, 0.9146639660418024, 0.9141756219146361, 0.9136860752989573, 0.9132651000277977, 0.9129753337673937, 0.9127463033160897, 0.9125168227485586, 0.9122678743698368, 0.9120033145715387, 0.9116453014497147, 0.9111212345891093, 0.910897065482564, 0.9107114494583444, 0.9105409879966389, 0.9103823232385971, 0.9102307336908093, 0.9101175192411975, 0.9100039756467752, 0.9099286824590664, 0.9098407323886657, 0.9097414098117118]
accuracy list: [0.360976148409894, 0.513390830685429, 0.6021677124928694, 0.6405034324942792, 0.6602431750401468, 0.6702298850574713, 0.6787809085681427, 0.7030191711628975, 0.7009066911511534, 0.7005967408767501, 0.7013210798391729, 0.7011943040881947, 0.7080987937966686, 0.7088360335516488, 0.706234184495054, 0.7150915160584782, 0.7112619348901414, 0.718261269549218, 0.7193930336820324, 0.7183114791810444, 0.7153695827106564, 0.7175511141741328, 0.7236388697450035, 0.7182434762616393, 0.7231404958677686, 0.7200552295478081, 0.7194799217581406, 0.7224522659305268, 0.7235510579576817, 0.7216850828729282, 0.7281620439636322, 0.7264790350373349, 0.7270217416311975, 0.7247843588269121, 0.7265822784810126]
