iteration 0

avarage loss in epoch: 3.0800634303873364 
Accuracy: 0.8298983065004489
Confusion Matrix:
[[5152    0    0 ...    3    5   14]
 [   0  482    0 ...    1    0    0]
 [   0    0    0 ...    0    0    0]
 ...
 [  14    1    0 ... 5789   24   31]
 [   2    0    0 ...   29  697   77]
 [   0    0    0 ...   30   33 1339]]
iteration 1

avarage loss in epoch: 2.989036325136967 
Accuracy: 0.857587337384368
Confusion Matrix:
[[5190    0    0 ...    1    0    2]
 [   0  484    0 ...    0    0    0]
 [   0    0    0 ...    0    0    1]
 ...
 [   9    1    0 ... 5944   29   38]
 [   2    0    0 ...   22  756   79]
 [   0    1    0 ...   15   30 1401]]
iteration 2

avarage loss in epoch: 2.9658066696983156 
Accuracy: 0.8707636409196267
Confusion Matrix:
[[5202    0    0 ...    1    0    0]
 [   0  484    0 ...    0    0    0]
 [   0    0    0 ...    0    0    0]
 ...
 [   7    1    0 ... 6004   52   26]
 [   3    0    0 ...   16  761   92]
 [   1    0    0 ...   12   24 1436]]
iteration 3

avarage loss in epoch: 2.9539309061501307 
Accuracy: 0.8751487815573514
Confusion Matrix:
[[5203    0    0 ...    1    2    1]
 [   0  484    0 ...    0    0    0]
 [   0    0    0 ...    0    0    2]
 ...
 [  11    1    0 ... 5975   57   15]
 [   4    0    0 ...   13  772   84]
 [   3    0    0 ...   13   31 1433]]
iteration 4

avarage loss in epoch: 2.9468621822448275 
Accuracy: 0.8799724362588486
Confusion Matrix:
[[5196    0    0 ...    1    0    0]
 [   1  483    0 ...    0    0    0]
 [   0    0    0 ...    0    0    0]
 ...
 [   5    1    0 ... 6016   48   17]
 [   4    0    0 ...   11  777   85]
 [   0    0    0 ...   13   31 1434]]
iteration 5

avarage loss in epoch: 2.942363349942831 
Accuracy: 0.8824364676648082
Confusion Matrix:
[[5204    0    0 ...    0    0    1]
 [   0  484    0 ...    0    0    0]
 [   0    0    0 ...    0    1    0]
 ...
 [   2    1    0 ... 6041   59   10]
 [   1    0    0 ...    9  811   69]
 [   0    0    0 ...   13   44 1441]]
iteration 6

avarage loss in epoch: 2.9388135193353446 
Accuracy: 0.8847334460940925
Confusion Matrix:
[[5184    0    0 ...    0    0    1]
 [   1  483    0 ...    0    0    0]
 [   0    0    0 ...    0    0    0]
 ...
 [  10    1    0 ... 6003   68   13]
 [   0    0    0 ...    7  792   79]
 [   2    0    0 ...   10   32 1454]]
iteration 7

avarage loss in epoch: 2.9351072160888645 
Accuracy: 0.8863204493725072
Confusion Matrix:
[[5186    0    0 ...    2    0    2]
 [   1  483    0 ...    0    0    0]
 [   0    0    0 ...    0    1    0]
 ...
 [  10    1    0 ... 6033   52   12]
 [   3    0    0 ...    5  799   86]
 [   1    0    0 ...    9   24 1461]]
iteration 8

avarage loss in epoch: 2.932100567053348 
Accuracy: 0.889306521330577
Confusion Matrix:
[[5184    0    0 ...    1    1    2]
 [   1  484    0 ...    0    0    0]
 [   0    0    0 ...    1    0    0]
 ...
 [   4    1    0 ... 6062   55   11]
 [   4    0    0 ...    8  811   85]
 [   0    0    0 ...    9   30 1468]]
iteration 9

avarage loss in epoch: 2.92957300291514 
Accuracy: 0.8905176554114723
Confusion Matrix:
[[5187    0    0 ...    4    2    0]
 [   0  484    0 ...    1    0    0]
 [   0    0    0 ...    1    0    0]
 ...
 [   8    2    0 ... 6087   71   18]
 [   0    0    0 ...    6  831   86]
 [   0    0    0 ...    6   34 1462]]
iteration 10

avarage loss in epoch: 2.9271577357670777 
Accuracy: 0.891687026248199
Confusion Matrix:
[[5185    0    0 ...    2    0    2]
 [   0  484    0 ...    1    0    0]
 [   0    0    0 ...    1    0    0]
 ...
 [   9    1    0 ... 6045   43    9]
 [   1    0    0 ...    3  828   70]
 [   1    0    0 ...    8   44 1445]]
iteration 11

avarage loss in epoch: 2.925558996127832 
Accuracy: 0.893190503038276
Confusion Matrix:
[[5185    1    0 ...    1    0    0]
 [   1  483    0 ...    1    0    0]
 [   0    0    0 ...    0    1    0]
 ...
 [   7    2    0 ... 6093   51   13]
 [   0    0    0 ...    3  839   77]
 [   1    0    0 ...    9   34 1463]]
iteration 12

avarage loss in epoch: 2.9243021011585104 
Accuracy: 0.8930652133057696
Confusion Matrix:
[[5190    0    0 ...    1    2    0]
 [   0  485    0 ...    0    0    0]
 [   0    0    0 ...    2    1    0]
 ...
 [   8    1    0 ... 6052   87   17]
 [   1    0    0 ...    5  844   82]
 [   0    0    0 ...    5   37 1465]]
iteration 13

avarage loss in epoch: 2.9227394179359636 
Accuracy: 0.8958633506650797
Confusion Matrix:
[[5188    0    0 ...    3    1    1]
 [   0  484    0 ...    0    0    0]
 [   0    0    0 ...    0    0    0]
 ...
 [   2    1    0 ... 6052   73   11]
 [   1    0    0 ...    6  857   66]
 [   0    0    0 ...    7   45 1453]]
iteration 14

avarage loss in epoch: 2.921674703688664 
Accuracy: 0.8951951387583788
Confusion Matrix:
[[5188    0    0 ...    2    1    1]
 [   1  484    0 ...    0    0    0]
 [   0    0    0 ...    0    0    0]
 ...
 [   9    2    0 ... 6060   78   10]
 [   1    0    0 ...    3  844   71]
 [   0    0    0 ...    7   38 1459]]
iteration 15

avarage loss in epoch: 2.9209439830958135 
Accuracy: 0.8946730982062686
Confusion Matrix:
[[5186    0    0 ...    1    0    3]
 [   0  485    0 ...    1    0    0]
 [   0    0    0 ...    0    0    0]
 ...
 [   3    2    0 ... 6040   79   14]
 [   3    0    0 ...    5  833   86]
 [   1    0    0 ...    6   37 1469]]
iteration 16

avarage loss in epoch: 2.9203111840418363 
Accuracy: 0.8950489674037879
Confusion Matrix:
[[5183    0    0 ...    1    1    3]
 [   1  484    0 ...    0    0    1]
 [   1    0    0 ...    0    0    0]
 ...
 [  13    2    0 ... 6060   75   18]
 [   2    0    0 ...    5  855   76]
 [   0    0    0 ...    6   40 1462]]
iteration 17

avarage loss in epoch: 2.9195915208780603 
Accuracy: 0.8955292447117292
Confusion Matrix:
[[5186    0    0 ...    0    4    1]
 [   0  485    0 ...    1    0    0]
 [   0    0    0 ...    0    0    0]
 ...
 [   7    2    0 ... 6063   79   17]
 [   1    0    0 ...    5  833   90]
 [   2    0    0 ...    4   47 1460]]
iteration 18

avarage loss in epoch: 2.9190342633305253 
Accuracy: 0.8958215874209109
Confusion Matrix:
[[5183    0    0 ...    2    1    0]
 [   1  483    0 ...    1    0    0]
 [   0    0    0 ...    0    2    0]
 ...
 [  10    1    0 ... 6062   63   15]
 [   2    0    0 ...    6  836   80]
 [   0    0    0 ...    4   38 1468]]
iteration 19

avarage loss in epoch: 2.918444713816537 
Accuracy: 0.8948401511829439
Confusion Matrix:
[[5185    0    0 ...    1    1    3]
 [   1  484    0 ...    1    0    0]
 [   0    1    0 ...    1    1    0]
 ...
 [  14    1    0 ... 6070   64   18]
 [   1    0    0 ...    5  840   81]
 [   1    0    0 ...    4   38 1474]]
iteration 20

avarage loss in epoch: 2.917815354089258 
Accuracy: 0.8964480360834429
Confusion Matrix:
[[5189    0    0 ...    1    2    1]
 [   0  485    0 ...    1    0    0]
 [   0    0    0 ...    0    0    0]
 ...
 [   9    3    0 ... 6083   76   25]
 [   1    0    0 ...    5  849   79]
 [   2    0    0 ...    3   43 1474]]
iteration 21

avarage loss in epoch: 2.9174005396042557 
Accuracy: 0.8976800517864227
Confusion Matrix:
[[5186    0    0 ...    1    4    0]
 [   0  484    0 ...    1    0    0]
 [   0    0    0 ...    0    0    0]
 ...
 [  15    2    0 ... 6083   60   27]
 [   4    0    0 ...    6  853   78]
 [   3    0    0 ...    3   42 1469]]
iteration 22

avarage loss in epoch: 2.9169609483466754 
Accuracy: 0.8982856188268705
Confusion Matrix:
[[5185    0    0 ...    1    2    1]
 [   0  485    0 ...    1    0    0]
 [   0    0    0 ...    0    0    0]
 ...
 [  12    1    0 ... 6061   75   21]
 [   2    0    0 ...    5  852   74]
 [   2    0    0 ...    5   37 1473]]
iteration 23

avarage loss in epoch: 2.9156755618032206 
Accuracy: 0.8994341080415127
Confusion Matrix:
[[5180    0    0 ...    1    4    0]
 [   0  484    0 ...    1    0    0]
 [   0    0    0 ...    0    0    0]
 ...
 [   5    1    0 ... 6073   65   12]
 [   1    0    0 ...    3  863   62]
 [   1    0    0 ...    6   45 1461]]
iteration 24

avarage loss in epoch: 2.9149420401282296 
Accuracy: 0.8984735534256301
Confusion Matrix:
[[5181    0    0 ...    1    1    1]
 [   0  484    0 ...    1    0    0]
 [   0    0    0 ...    0    0    0]
 ...
 [   7    1    0 ... 6097   60   18]
 [   3    0    0 ...    7  855   72]
 [   0    0    0 ...    3   41 1474]]
iteration 25

avarage loss in epoch: 2.914458113450823 
Accuracy: 0.8981812107164484
Confusion Matrix:
[[5177    0    0 ...    1    1    0]
 [   0  485    0 ...    1    0    0]
 [   0    0    0 ...    0    0    0]
 ...
 [  10    1    0 ... 6052   45   11]
 [   3    0    0 ...    3  860   64]
 [   0    0    0 ...    6   58 1450]]
iteration 26

avarage loss in epoch: 2.914074052518464 
Accuracy: 0.8983900269372925
Confusion Matrix:
[[5188    0    0 ...    1    3    1]
 [   0  485    0 ...    1    0    0]
 [   0    1    0 ...    0    0    0]
 ...
 [   8    1    0 ... 6077   82   15]
 [   2    0    0 ...    2  855   71]
 [   1    0    0 ...    5   41 1464]]
iteration 27

avarage loss in epoch: 2.913749558199937 
Accuracy: 0.8996846875065255
Confusion Matrix:
[[5178    0    0 ...    1    3    0]
 [   0  483    0 ...    1    0    0]
 [   0    0    0 ...    0    0    0]
 ...
 [  15    2    0 ... 6063   65   16]
 [   5    0    0 ...    4  864   62]
 [   0    0    0 ...    5   47 1466]]
iteration 28

avarage loss in epoch: 2.9134802545096288 
Accuracy: 0.8981812107164484
Confusion Matrix:
[[5186    0    0 ...    3    2    0]
 [   0  485    0 ...    1    0    0]
 [   0    0    0 ...    0    2    0]
 ...
 [  12    1    0 ... 6056   89   16]
 [   2    0    0 ...    1  855   82]
 [   1    0    0 ...    4   38 1478]]
iteration 29

avarage loss in epoch: 2.9130709155501795 
Accuracy: 0.8980350393618576
Confusion Matrix:
[[5174    0    0 ...    3    1    0]
 [   0  484    0 ...    1    0    0]
 [   0    0    0 ...    0    1    0]
 ...
 [  14    1    0 ... 6085   89   21]
 [   3    0    0 ...    3  865   64]
 [   1    0    0 ...    5   51 1459]]
iteration 30

avarage loss in epoch: 2.9129200476062116 
Accuracy: 0.8974503539434944
Confusion Matrix:
[[5188    0    0 ...    2    1    0]
 [   0  485    0 ...    1    0    0]
 [   0    0    0 ...    0    3    0]
 ...
 [  18    4    0 ... 6063   89   33]
 [   4    0    0 ...    1  854   82]
 [   3    0    0 ...    4   36 1481]]
iteration 31

avarage loss in epoch: 2.9125815216561826 
Accuracy: 0.8990164755998246
Confusion Matrix:
[[5195    0    0 ...    2    0    0]
 [   0  483    0 ...    1    0    0]
 [   0    0    0 ...    0    1    0]
 ...
 [  20    4    0 ... 6080   64   32]
 [   2    0    0 ...    5  859   73]
 [   3    0    0 ...    4   50 1458]]
iteration 32

avarage loss in epoch: 2.9123084350054604 
Accuracy: 0.8978888680072667
Confusion Matrix:
[[5191    0    0 ...    1    2    0]
 [   0  483    0 ...    1    0    0]
 [   0    0    0 ...    0    0    0]
 ...
 [  28    1    0 ... 6065   60    8]
 [   3    0    0 ...    1  845   82]
 [   3    0    0 ...    4   49 1461]]
iteration 33

avarage loss in epoch: 2.9120482574708584 
Accuracy: 0.8991835285764999
Confusion Matrix:
[[5197    0    0 ...    1    1    0]
 [   0  483    0 ...    1    0    0]
 [   0    0    0 ...    0    3    0]
 ...
 [  34    3    0 ... 6067   73   12]
 [   3    0    0 ...    1  871   60]
 [   5    0    0 ...    7   52 1454]]
iteration 34

avarage loss in epoch: 2.9118163055961235 
Accuracy: 0.8995385161519347
Confusion Matrix:
[[5194    0    0 ...    1    2    0]
 [   0  484    0 ...    1    0    0]
 [   0    0    0 ...    0    0    0]
 ...
 [  26    1    0 ... 6069   60   13]
 [   1    0    0 ...    2  860   70]
 [   5    0    0 ...    4   49 1457]]
loss list: [3.0800634303873364, 2.989036325136967, 2.9658066696983156, 2.9539309061501307, 2.9468621822448275, 2.942363349942831, 2.9388135193353446, 2.9351072160888645, 2.932100567053348, 2.92957300291514, 2.9271577357670777, 2.925558996127832, 2.9243021011585104, 2.9227394179359636, 2.921674703688664, 2.9209439830958135, 2.9203111840418363, 2.9195915208780603, 2.9190342633305253, 2.918444713816537, 2.917815354089258, 2.9174005396042557, 2.9169609483466754, 2.9156755618032206, 2.9149420401282296, 2.914458113450823, 2.914074052518464, 2.913749558199937, 2.9134802545096288, 2.9130709155501795, 2.9129200476062116, 2.9125815216561826, 2.9123084350054604, 2.9120482574708584, 2.9118163055961235]
accuracy list: [0.8298983065004489, 0.857587337384368, 0.8707636409196267, 0.8751487815573514, 0.8799724362588486, 0.8824364676648082, 0.8847334460940925, 0.8863204493725072, 0.889306521330577, 0.8905176554114723, 0.891687026248199, 0.893190503038276, 0.8930652133057696, 0.8958633506650797, 0.8951951387583788, 0.8946730982062686, 0.8950489674037879, 0.8955292447117292, 0.8958215874209109, 0.8948401511829439, 0.8964480360834429, 0.8976800517864227, 0.8982856188268705, 0.8994341080415127, 0.8984735534256301, 0.8981812107164484, 0.8983900269372925, 0.8996846875065255, 0.8981812107164484, 0.8980350393618576, 0.8974503539434944, 0.8990164755998246, 0.8978888680072667, 0.8991835285764999, 0.8995385161519347]
