iteration 0

avarage loss in epoch: 3.052034515684532 
Accuracy: 0.8655432353985257
Confusion Matrix:
[[5113    0    0 ...   11    4    6]
 [   1  483    0 ...    1    0    0]
 [   0    0    0 ...    0    0    0]
 ...
 [   5    1    0 ... 5862   12   14]
 [   2    0    0 ...   39  706   80]
 [   1    1    0 ...   32   27 1352]]
iteration 1

avarage loss in epoch: 2.9559758631290527 
Accuracy: 0.890914406231076
Confusion Matrix:
[[5126    0    0 ...    2    6    3]
 [   0  484    0 ...    0    0    0]
 [   0    0    0 ...    0    0    0]
 ...
 [   2    1    0 ... 6026   18    9]
 [   1    0    0 ...   27  744   75]
 [   0    0    0 ...   16   35 1384]]
iteration 2

avarage loss in epoch: 2.9341866257034925 
Accuracy: 0.9032136816387897
Confusion Matrix:
[[5130    1    0 ...    4    2    2]
 [   0  484    0 ...    0    0    0]
 [   0    0    0 ...    0    0    0]
 ...
 [   2    1    0 ... 6036   13    8]
 [   0    0    0 ...   16  758   89]
 [   0    0    0 ...   13   39 1408]]
iteration 3

avarage loss in epoch: 2.92328467356225 
Accuracy: 0.9100628536824741
Confusion Matrix:
[[5129    0    0 ...    1    1    3]
 [   0  483    0 ...    1    0    0]
 [   0    0    0 ...    0    1    0]
 ...
 [   2    1    0 ... 6090   10   10]
 [   0    0    0 ...    9  790   83]
 [   0    0    0 ...   12   30 1438]]
iteration 4

avarage loss in epoch: 2.916732982111826 
Accuracy: 0.9123807137338429
Confusion Matrix:
[[5145    1    0 ...    4    1    1]
 [   0  484    0 ...    0    0    0]
 [   0    0    0 ...    0    0    0]
 ...
 [   4    1    0 ... 6119   10    5]
 [   0    0    0 ...   15  809   65]
 [   0    0    0 ...    8   53 1421]]
iteration 5

avarage loss in epoch: 2.91224239126406 
Accuracy: 0.9162020505752887
Confusion Matrix:
[[5144    1    0 ...    1    3    3]
 [   0  484    0 ...    0    0    0]
 [   0    0    0 ...    0    0    0]
 ...
 [   6    1    0 ... 6106   17    5]
 [   0    0    0 ...   11  804   73]
 [   0    0    0 ...    9   37 1436]]
iteration 6

avarage loss in epoch: 2.9077936752861056 
Accuracy: 0.9186452003591639
Confusion Matrix:
[[5177    1    0 ...    1    2    1]
 [   0  484    0 ...    0    0    0]
 [   0    0    0 ...    0    0    0]
 ...
 [   5    1    0 ... 6142   10    2]
 [   0    0    0 ...    7  815   69]
 [   1    0    0 ...    9   42 1432]]
iteration 7

avarage loss in epoch: 2.904389887712008 
Accuracy: 0.920775125811773
Confusion Matrix:
[[5125    1    0 ...    1    2    1]
 [   0  483    0 ...    0    0    0]
 [   0    0    0 ...    0    0    0]
 ...
 [   4    1    0 ... 6151   11    4]
 [   0    0    0 ...    9  816   70]
 [   1    0    0 ...    8   31 1447]]
iteration 8

avarage loss in epoch: 2.901473225740278 
Accuracy: 0.9242623566998684
Confusion Matrix:
[[5163    1    0 ...    4    1    1]
 [   0  484    0 ...    0    0    0]
 [   0    0    0 ...    0    0    0]
 ...
 [   6    1    0 ... 6149   12    1]
 [   0    0    0 ...   11  825   70]
 [   1    0    0 ...    6   50 1442]]
iteration 9

avarage loss in epoch: 2.898759079116072 
Accuracy: 0.9243250015661216
Confusion Matrix:
[[5144    1    0 ...    1    1    3]
 [   0  484    0 ...    0    0    0]
 [   0    0    0 ...    0    1    0]
 ...
 [   4    1    0 ... 6131   11    4]
 [   0    0    0 ...    7  807   93]
 [   0    0    0 ...    7   31 1460]]
iteration 10

avarage loss in epoch: 2.8970945940969277 
Accuracy: 0.925014095094907
Confusion Matrix:
[[5154    1    0 ...    2    1    1]
 [   0  484    0 ...    0    0    0]
 [   0    0    0 ...    0    1    0]
 ...
 [   4    1    0 ... 6124    7    4]
 [   0    0    0 ...    3  825   80]
 [   1    0    0 ...    6   36 1455]]
iteration 11

avarage loss in epoch: 2.8949642337025665 
Accuracy: 0.9271022573033473
Confusion Matrix:
[[5155    0    0 ...    2    1    2]
 [   0  484    0 ...    0    0    0]
 [   0    0    0 ...    0    1    0]
 ...
 [   1    1    0 ... 6101    9    3]
 [   0    0    0 ...    6  838   66]
 [   1    0    0 ...    5   32 1449]]
iteration 12

avarage loss in epoch: 2.8930047147618723 
Accuracy: 0.9271231389254317
Confusion Matrix:
[[5153    0    0 ...    2    0    0]
 [   0  484    0 ...    0    0    0]
 [   0    0    0 ...    0    1    0]
 ...
 [   2    1    0 ... 6094    9    4]
 [   0    0    0 ...    6  824   79]
 [   1    0    0 ...    4   37 1455]]
iteration 13

avarage loss in epoch: 2.891785223516937 
Accuracy: 0.9274154816346134
Confusion Matrix:
[[5153    0    0 ...    2    1    2]
 [   0  484    0 ...    1    0    0]
 [   0    0    0 ...    0    1    0]
 ...
 [   3    1    0 ... 6120    3    6]
 [   0    0    0 ...    5  843   64]
 [   1    0    0 ...    5   49 1444]]
iteration 14

avarage loss in epoch: 2.8908061648588985 
Accuracy: 0.9288563135584372
Confusion Matrix:
[[5130    0    0 ...    2    1    0]
 [   0  484    0 ...    0    0    0]
 [   0    0    0 ...    0    0    0]
 ...
 [   2    1    0 ... 6125    7    5]
 [   0    0    0 ...    4  852   64]
 [   1    0    0 ...    7   48 1444]]
iteration 15

avarage loss in epoch: 2.88985734348789 
Accuracy: 0.9287727870700996
Confusion Matrix:
[[5155    0    0 ...    1    1    1]
 [   0  484    0 ...    0    1    0]
 [   0    0    0 ...    0    1    0]
 ...
 [   2    1    0 ... 6132    8    2]
 [   0    0    0 ...    5  838   71]
 [   0    0    0 ...    5   38 1454]]
iteration 16

avarage loss in epoch: 2.8890785540768054 
Accuracy: 0.9293574724884629
Confusion Matrix:
[[5148    0    0 ...    2    1    2]
 [   0  484    0 ...    0    0    0]
 [   0    0    0 ...    0    1    0]
 ...
 [   1    1    0 ... 6140    6    5]
 [   0    0    0 ...    5  831   79]
 [   0    0    0 ...    8   34 1454]]
iteration 17

avarage loss in epoch: 2.8883576773817436 
Accuracy: 0.9290024849130281
Confusion Matrix:
[[5157    1    0 ...    1    1    1]
 [   0  483    0 ...    0    0    0]
 [   0    0    0 ...    0    1    0]
 ...
 [   3    1    0 ... 6151   13    2]
 [   0    0    0 ...    8  857   59]
 [   0    0    0 ...    4   54 1443]]
iteration 18

avarage loss in epoch: 2.8876702399283785 
Accuracy: 0.9294827622209694
Confusion Matrix:
[[5149    1    0 ...    2    1    0]
 [   0  484    0 ...    0    0    0]
 [   0    0    0 ...    0    1    0]
 ...
 [   3    1    0 ... 6132    8    5]
 [   0    1    0 ...    4  835   69]
 [   0    0    0 ...    7   41 1452]]
iteration 19

avarage loss in epoch: 2.8870371917662263 
Accuracy: 0.9285430892271712
Confusion Matrix:
[[5157    0    0 ...    1    1    1]
 [   0  484    0 ...    0    0    0]
 [   1    0    0 ...    0    1    0]
 ...
 [   6    1    0 ... 6129    8    6]
 [   1    0    0 ...    5  838   74]
 [   1    0    0 ...    8   42 1454]]
iteration 20

avarage loss in epoch: 2.886480939450857 
Accuracy: 0.9295036438430537
Confusion Matrix:
[[5169    0    0 ...    1    1    2]
 [   0  484    0 ...    0    0    0]
 [   0    0    0 ...    0    2    0]
 ...
 [   6    1    0 ... 6092    9    5]
 [   0    0    0 ...    6  842   70]
 [   1    0    0 ...    7   45 1452]]
iteration 21

avarage loss in epoch: 2.885923765584928 
Accuracy: 0.9305059617031051
Confusion Matrix:
[[5152    0    0 ...    2    1    1]
 [   0  484    0 ...    0    0    0]
 [   1    0    0 ...    0    0    0]
 ...
 [   3    1    0 ... 6139    8    4]
 [   1    0    0 ...    6  836   73]
 [   0    0    0 ...    5   39 1463]]
iteration 22

avarage loss in epoch: 2.885419913577117 
Accuracy: 0.9301092108835014
Confusion Matrix:
[[5157    1    0 ...    1    2    1]
 [   0  484    0 ...    1    0    0]
 [   0    0    0 ...    0    1    0]
 ...
 [   3    1    0 ... 6111    9    5]
 [   0    0    0 ...    2  854   67]
 [   0    0    0 ...    6   50 1451]]
iteration 23

avarage loss in epoch: 2.8850805290555 
Accuracy: 0.9307356595460335
Confusion Matrix:
[[5164    1    0 ...    1    1    2]
 [   0  484    0 ...    1    0    0]
 [   0    0    0 ...    0    0    0]
 ...
 [   3    2    0 ... 6122   10    6]
 [   0    0    0 ...    5  847   70]
 [   1    0    0 ...    6   47 1449]]
iteration 24

avarage loss in epoch: 2.8847290631806506 
Accuracy: 0.9304850800810207
Confusion Matrix:
[[5159    1    0 ...    1    1    1]
 [   0  483    0 ...    1    0    1]
 [   0    0    0 ...    0    0    0]
 ...
 [   4    1    0 ... 6123   13    5]
 [   0    0    0 ...    8  857   58]
 [   0    0    0 ...    5   55 1439]]
iteration 25

avarage loss in epoch: 2.884413241175142 
Accuracy: 0.9302971454822611
Confusion Matrix:
[[5147    1    0 ...    1    1    0]
 [   0  484    0 ...    0    0    0]
 [   0    0    0 ...    0    1    0]
 ...
 [   3    1    0 ... 6128   21    4]
 [   0    0    0 ...    7  839   76]
 [   0    0    0 ...    5   42 1455]]
iteration 26

avarage loss in epoch: 2.883900629202164 
Accuracy: 0.9296080519534757
Confusion Matrix:
[[5155    1    0 ...    2    1    0]
 [   0  484    0 ...    0    0    0]
 [   0    0    0 ...    0    1    0]
 ...
 [   3    2    0 ... 6159    9    5]
 [   0    0    0 ...    7  854   64]
 [   1    0    0 ...    5   57 1437]]
iteration 27

avarage loss in epoch: 2.8835867638261004 
Accuracy: 0.9305268433251895
Confusion Matrix:
[[5154    0    0 ...    4    0    0]
 [   0  483    0 ...    0    0    0]
 [   0    0    0 ...    0    1    0]
 ...
 [   3    1    0 ... 6115    9    5]
 [   0    0    0 ...    6  848   65]
 [   3    0    0 ...    3   47 1450]]
iteration 28

avarage loss in epoch: 2.8832687638936805 
Accuracy: 0.9304224352147675
Confusion Matrix:
[[5161    0    0 ...    3    1    0]
 [   0  483    0 ...    1    0    0]
 [   0    0    0 ...    0    0    0]
 ...
 [   4    1    0 ... 6127    9    2]
 [   0    0    0 ...    6  853   65]
 [   3    0    0 ...    4   50 1438]]
iteration 29

avarage loss in epoch: 2.88298381660789 
Accuracy: 0.930192737371839
Confusion Matrix:
[[5151    1    0 ...    2    0    0]
 [   0  484    0 ...    0    0    0]
 [   0    0    0 ...    0    0    0]
 ...
 [   3    1    0 ... 6102   13    2]
 [   0    0    0 ...    5  850   64]
 [   0    0    0 ...    5   52 1445]]
iteration 30

avarage loss in epoch: 2.88283003818045 
Accuracy: 0.9301509741276702
Confusion Matrix:
[[5165    0    0 ...    3    0    1]
 [   0  484    0 ...    0    0    0]
 [   0    0    0 ...    0    0    0]
 ...
 [   6    1    0 ... 6121    6    6]
 [   0    0    0 ...    8  844   67]
 [   1    0    0 ...    4   48 1451]]
iteration 31

avarage loss in epoch: 2.882646566220939 
Accuracy: 0.9299212762847417
Confusion Matrix:
[[5157    0    0 ...    2    1    0]
 [   0  484    0 ...    0    0    0]
 [   0    0    0 ...    0    0    0]
 ...
 [   4    2    0 ... 6145    7    4]
 [   0    0    0 ...   10  847   70]
 [   1    0    0 ...    5   55 1436]]
iteration 32

avarage loss in epoch: 2.882432574273069 
Accuracy: 0.9300256843951639
Confusion Matrix:
[[5164    0    0 ...    2    0    0]
 [   0  484    0 ...    1    0    0]
 [   0    0    0 ...    0    0    0]
 ...
 [   4    2    0 ... 6123    6    6]
 [   0    0    0 ...   12  837   70]
 [   0    0    0 ...    3   53 1442]]
iteration 33

avarage loss in epoch: 2.8822050011430305 
Accuracy: 0.931069765499384
Confusion Matrix:
[[5155    1    0 ...    1    2    1]
 [   1  484    0 ...    1    0    0]
 [   0    0    0 ...    0    0    0]
 ...
 [   4    1    0 ... 6145   15    5]
 [   0    0    0 ...    7  858   58]
 [   1    0    0 ...    7   58 1431]]
iteration 34

avarage loss in epoch: 2.8819318611098708 
Accuracy: 0.9307356595460335
Confusion Matrix:
[[5167    0    0 ...    2    0    0]
 [   0  484    0 ...    1    0    0]
 [   0    0    0 ...    0    0    0]
 ...
 [   5    1    0 ... 6117   12    4]
 [   0    0    0 ...    7  860   58]
 [   0    0    0 ...    6   60 1438]]
loss list: [3.052034515684532, 2.9559758631290527, 2.9341866257034925, 2.92328467356225, 2.916732982111826, 2.91224239126406, 2.9077936752861056, 2.904389887712008, 2.901473225740278, 2.898759079116072, 2.8970945940969277, 2.8949642337025665, 2.8930047147618723, 2.891785223516937, 2.8908061648588985, 2.88985734348789, 2.8890785540768054, 2.8883576773817436, 2.8876702399283785, 2.8870371917662263, 2.886480939450857, 2.885923765584928, 2.885419913577117, 2.8850805290555, 2.8847290631806506, 2.884413241175142, 2.883900629202164, 2.8835867638261004, 2.8832687638936805, 2.88298381660789, 2.88283003818045, 2.882646566220939, 2.882432574273069, 2.8822050011430305, 2.8819318611098708]
accuracy list: [0.8655432353985257, 0.890914406231076, 0.9032136816387897, 0.9100628536824741, 0.9123807137338429, 0.9162020505752887, 0.9186452003591639, 0.920775125811773, 0.9242623566998684, 0.9243250015661216, 0.925014095094907, 0.9271022573033473, 0.9271231389254317, 0.9274154816346134, 0.9288563135584372, 0.9287727870700996, 0.9293574724884629, 0.9290024849130281, 0.9294827622209694, 0.9285430892271712, 0.9295036438430537, 0.9305059617031051, 0.9301092108835014, 0.9307356595460335, 0.9304850800810207, 0.9302971454822611, 0.9296080519534757, 0.9305268433251895, 0.9304224352147675, 0.930192737371839, 0.9301509741276702, 0.9299212762847417, 0.9300256843951639, 0.931069765499384, 0.9307356595460335]
