iteration 0

avarage loss in epoch: 2.9894624999306765 
Accuracy: 0.8818100190022761
Confusion Matrix:
[[  59    0    0 ...    0    0    0]
 [   0 1065    0 ...    0    0    0]
 [   0    0  193 ...    0    0    0]
 ...
 [   0    0    0 ...    0    0    0]
 [   0    0    0 ...    0    0    0]
 [   0    1    0 ...    0    0  474]]
iteration 1

avarage loss in epoch: 2.948721601309574 
Accuracy: 0.886362212616676
Confusion Matrix:
[[  56    0    0 ...    0    0    0]
 [   0 1082    0 ...    0    0    0]
 [   0    0  196 ...    0    0    0]
 ...
 [   0    0    0 ...    0    0    0]
 [   0    0    0 ...    0    0    0]
 [   0    1    0 ...    0    0  474]]
iteration 2

avarage loss in epoch: 2.941918331975377 
Accuracy: 0.8852554866462027
Confusion Matrix:
[[  59    0    0 ...    0    0    0]
 [   0 1054    0 ...    0    0    0]
 [   0    0  197 ...    0    0    0]
 ...
 [   0    0    0 ...    0    0    0]
 [   0    0    0 ...    0    0    0]
 [   0    1    0 ...    0    0  473]]
iteration 3

avarage loss in epoch: 2.938746306725971 
Accuracy: 0.8901000229697843
Confusion Matrix:
[[  59    0    0 ...    0    0    0]
 [   0 1068    0 ...    0    0    0]
 [   0    0  197 ...    0    0    0]
 ...
 [   0    0    0 ...    0    0    0]
 [   0    0    0 ...    0    0    0]
 [   0    0    0 ...    0    0  474]]
iteration 4

avarage loss in epoch: 2.936706090963337 
Accuracy: 0.8877612812963311
Confusion Matrix:
[[  59    0    0 ...    0    0    0]
 [   0 1088    0 ...    0    0    0]
 [   0    0  193 ...    0    0    0]
 ...
 [   0    0    0 ...    0    0    0]
 [   0    0    0 ...    0    0    0]
 [   0    1    0 ...    0    0  473]]
iteration 5

avarage loss in epoch: 2.9351114524902604 
Accuracy: 0.8876777548079935
Confusion Matrix:
[[  57    0    0 ...    0    0    0]
 [   0 1076    0 ...    0    0    0]
 [   0    0  197 ...    0    0    0]
 ...
 [   0    0    0 ...    0    0    0]
 [   0    0    0 ...    0    0    0]
 [   0    0    0 ...    0    0  473]]
iteration 6

avarage loss in epoch: 2.933852765791617 
Accuracy: 0.8884712564472008
Confusion Matrix:
[[  59    0    0 ...    0    0    0]
 [   0 1065    0 ...    0    0    0]
 [   0    0  192 ...    0    0    0]
 ...
 [   0    0    0 ...    0    0    0]
 [   0    0    0 ...    0    0    0]
 [   0    2    0 ...    0    0  473]]
iteration 7

avarage loss in epoch: 2.9329713276533513 
Accuracy: 0.8888262440226357
Confusion Matrix:
[[  58    0    0 ...    0    0    0]
 [   0 1084    0 ...    0    0    0]
 [   0    0  193 ...    0    0    0]
 ...
 [   0    0    0 ...    0    0    0]
 [   0    0    0 ...    0    0    0]
 [   0    2    0 ...    0    0  473]]
iteration 8

avarage loss in epoch: 2.9321629318972113 
Accuracy: 0.8892856397084925
Confusion Matrix:
[[  58    0    0 ...    0    0    0]
 [   0 1073    0 ...    0    0    0]
 [   0    0  190 ...    0    0    0]
 ...
 [   0    0    0 ...    0    0    0]
 [   0    0    0 ...    0    0    0]
 [   0    0    0 ...    0    0  473]]
iteration 9

avarage loss in epoch: 2.9315977309863257 
Accuracy: 0.8899747332372778
Confusion Matrix:
[[  58    0    0 ...    0    0    0]
 [   0 1079    0 ...    0    0    0]
 [   0    0  195 ...    0    0    0]
 ...
 [   0    0    0 ...    0    0    0]
 [   0    0    0 ...    0    0    0]
 [   0    0    0 ...    0    0  472]]
iteration 10

avarage loss in epoch: 2.930912006153777 
Accuracy: 0.8904132473010503
Confusion Matrix:
[[  59    0    0 ...    0    0    0]
 [   0 1083    0 ...    0    0    0]
 [   0    0  194 ...    0    0    0]
 ...
 [   0    0    0 ...    0    0    0]
 [   0    0    0 ...    0    0    0]
 [   0    0    0 ...    0    0  473]]
iteration 11

avarage loss in epoch: 2.930434632834965 
Accuracy: 0.8899538516151935
Confusion Matrix:
[[  58    0    0 ...    0    0    0]
 [   0 1097    0 ...    0    0    0]
 [   0    0  195 ...    0    0    0]
 ...
 [   0    0    0 ...    0    0    0]
 [   0    0    0 ...    0    0    0]
 [   0    1    0 ...    0    0  472]]
iteration 12

avarage loss in epoch: 2.9301372578729126 
Accuracy: 0.8894944559293366
Confusion Matrix:
[[  58    1    0 ...    0    0    0]
 [   0 1078    0 ...    0    0    0]
 [   0    0  194 ...    0    0    0]
 ...
 [   0    0    0 ...    0    0    0]
 [   0    0    0 ...    0    0    0]
 [   0    0    0 ...    0    0  473]]
iteration 13

avarage loss in epoch: 2.9294489903732814 
Accuracy: 0.8891185867318173
Confusion Matrix:
[[  58    0    0 ...    0    0    0]
 [   0 1069    0 ...    0    0    0]
 [   0    0  193 ...    0    0    0]
 ...
 [   0    0    0 ...    0    0    0]
 [   0    0    0 ...    0    0    0]
 [   0    1    0 ...    0    0  473]]
iteration 14

avarage loss in epoch: 2.929024106494144 
Accuracy: 0.888742717534298
Confusion Matrix:
[[  58    0    0 ...    0    0    0]
 [   0 1085    0 ...    0    0    0]
 [   0    0  182 ...    0    0    0]
 ...
 [   0    0    0 ...    0    0    0]
 [   0    0    0 ...    0    0    0]
 [   0    1    0 ...    0    0  473]]
iteration 15

avarage loss in epoch: 2.9284270566895554 
Accuracy: 0.8887844807784668
Confusion Matrix:
[[  58    0    0 ...    0    0    1]
 [   0 1087    0 ...    0    0    0]
 [   0    0  190 ...    0    0    0]
 ...
 [   0    0    0 ...    0    0    0]
 [   0    0    0 ...    0    0    0]
 [   0    2    0 ...    0    0  474]]
iteration 16

avarage loss in epoch: 2.9282945495026946 
Accuracy: 0.889202113220155
Confusion Matrix:
[[  59    0    0 ...    0    0    0]
 [   0 1075    0 ...    0    0    0]
 [   0    0  193 ...    0    0    0]
 ...
 [   0    0    0 ...    0    0    0]
 [   0    0    0 ...    0    0    0]
 [   0    0    0 ...    0    0  473]]
iteration 17

avarage loss in epoch: 2.928162035869517 
Accuracy: 0.8890559418655641
Confusion Matrix:
[[  59    1    0 ...    0    0    0]
 [   0 1079    0 ...    0    0    0]
 [   0    0  193 ...    0    0    0]
 ...
 [   0    0    0 ...    0    0    0]
 [   0    0    0 ...    0    0    0]
 [   0    3    0 ...    0    0  472]]
iteration 18

avarage loss in epoch: 2.927715122365688 
Accuracy: 0.8878865710288375
Confusion Matrix:
[[  58    0    0 ...    0    0    0]
 [   0 1078    0 ...    0    0    0]
 [   0    0  191 ...    0    0    0]
 ...
 [   0    0    0 ...    0    0    0]
 [   0    0    0 ...    0    0    0]
 [   0    1    0 ...    0    0  473]]
iteration 19

avarage loss in epoch: 2.927587988060158 
Accuracy: 0.8895988640397586
Confusion Matrix:
[[  58    1    0 ...    0    0    0]
 [   0 1082    0 ...    0    0    0]
 [   0    0  193 ...    0    0    0]
 ...
 [   0    0    0 ...    0    0    0]
 [   0    0    0 ...    0    0    0]
 [   0    0    0 ...    0    0  473]]
iteration 20

avarage loss in epoch: 2.9271320217943386 
Accuracy: 0.8892438764643238
Confusion Matrix:
[[  58    0    0 ...    0    0    0]
 [   0 1060    0 ...    0    0    1]
 [   0    0  187 ...    0    0    0]
 ...
 [   0    0    0 ...    0    0    0]
 [   0    0    0 ...    0    0    0]
 [   0    0    0 ...    0    0  474]]
iteration 21

avarage loss in epoch: 2.9267397193570073 
Accuracy: 0.8891185867318173
Confusion Matrix:
[[  58    1    0 ...    0    0    0]
 [   0 1071    0 ...    0    0    0]
 [   0    0  188 ...    0    0    0]
 ...
 [   0    0    0 ...    0    0    0]
 [   0    0    0 ...    0    0    0]
 [   0    0    0 ...    0    0  473]]
iteration 22

avarage loss in epoch: 2.926637378754887 
Accuracy: 0.8885130196913696
Confusion Matrix:
[[  59    1    0 ...    0    0    0]
 [   0 1071    0 ...    0    0    0]
 [   0    0  196 ...    0    0    0]
 ...
 [   0    0    0 ...    0    0    0]
 [   0    0    0 ...    0    0    0]
 [   0    1    0 ...    0    0  473]]
iteration 23

avarage loss in epoch: 2.926527634575946 
Accuracy: 0.8890141786213953
Confusion Matrix:
[[  59    0    0 ...    0    0    0]
 [   0 1079    0 ...    0    0    0]
 [   0    0  192 ...    0    0    0]
 ...
 [   0    0    0 ...    0    0    0]
 [   0    0    0 ...    0    0    0]
 [   0    1    0 ...    0    0  473]]
iteration 24

avarage loss in epoch: 2.9262889386952837 
Accuracy: 0.8883668483367788
Confusion Matrix:
[[  59    0    0 ...    0    0    0]
 [   0 1073    0 ...    0    0    1]
 [   0    0  189 ...    0    0    0]
 ...
 [   0    0    0 ...    0    0    0]
 [   0    0    0 ...    0    0    0]
 [   0    1    0 ...    0    0  476]]
iteration 25

avarage loss in epoch: 2.9261460397413654 
Accuracy: 0.8880536240055128
Confusion Matrix:
[[  57    1    0 ...    0    0    0]
 [   0 1081    0 ...    0    0    1]
 [   0    0  194 ...    0    0    0]
 ...
 [   0    0    0 ...    0    0    0]
 [   0    0    0 ...    0    0    0]
 [   0    0    0 ...    0    0  479]]
iteration 26

avarage loss in epoch: 2.9260787202550627 
Accuracy: 0.8891185867318173
Confusion Matrix:
[[  59    0    0 ...    0    0    0]
 [   0 1078    0 ...    0    0    1]
 [   0    0  192 ...    0    0    0]
 ...
 [   0    0    0 ...    0    0    0]
 [   0    0    0 ...    0    0    0]
 [   0    0    0 ...    0    0  480]]
iteration 27

avarage loss in epoch: 2.925843702802576 
Accuracy: 0.8891185867318173
Confusion Matrix:
[[  58    0    0 ...    0    0    0]
 [   0 1089    0 ...    0    0    1]
 [   0    0  193 ...    0    0    0]
 ...
 [   0    0    0 ...    0    0    0]
 [   0    0    0 ...    0    0    0]
 [   0    0    0 ...    0    0  483]]
iteration 28

avarage loss in epoch: 2.9255571659404898 
Accuracy: 0.8895362191735054
Confusion Matrix:
[[  59    1    0 ...    0    0    0]
 [   0 1092    0 ...    0    0    1]
 [   0    0  194 ...    0    0    0]
 ...
 [   0    0    0 ...    0    0    0]
 [   0    0    0 ...    0    0    0]
 [   0    0    0 ...    0    0  482]]
iteration 29

avarage loss in epoch: 2.925368742478185 
Accuracy: 0.8881789137380192
Confusion Matrix:
[[  59    0    0 ...    0    0    0]
 [   0 1081    0 ...    0    0    2]
 [   0    0  192 ...    0    0    0]
 ...
 [   0    0    0 ...    0    0    0]
 [   0    0    0 ...    0    0    0]
 [   0    0    0 ...    0    0  484]]
iteration 30

avarage loss in epoch: 2.9253162627893836 
Accuracy: 0.8890559418655641
Confusion Matrix:
[[  58    0    0 ...    0    0    0]
 [   0 1068    0 ...    0    0    5]
 [   0    0  192 ...    0    0    0]
 ...
 [   0    0    0 ...    0    0    0]
 [   0    0    0 ...    0    0    0]
 [   0    0    0 ...    0    0  483]]
iteration 31

avarage loss in epoch: 2.9252652891009845 
Accuracy: 0.8887218359122137
Confusion Matrix:
[[  59    0    0 ...    0    0    0]
 [   0 1074    0 ...    0    0    5]
 [   0    0  188 ...    0    0    0]
 ...
 [   0    0    0 ...    0    0    0]
 [   0    0    0 ...    0    0    0]
 [   0    0    0 ...    0    0  481]]
iteration 32

avarage loss in epoch: 2.9249692287224174 
Accuracy: 0.8876359915638247
Confusion Matrix:
[[  59    0    0 ...    0    0    0]
 [   0 1063    0 ...    0    0    2]
 [   0    0  186 ...    0    0    0]
 ...
 [   0    0    0 ...    0    0    0]
 [   0    0    0 ...    0    0    0]
 [   0    0    0 ...    0    0  483]]
iteration 33

avarage loss in epoch: 2.9246953857616522 
Accuracy: 0.8874689385871495
Confusion Matrix:
[[  59    1    0 ...    0    0    0]
 [   0 1074    0 ...    0    0    4]
 [   0    0  188 ...    0    0    0]
 ...
 [   0    0    0 ...    0    0    0]
 [   0    0    0 ...    0    0    0]
 [   0    0    0 ...    0    0  484]]
iteration 34

avarage loss in epoch: 2.924901136931848 
Accuracy: 0.8871139510117146
Confusion Matrix:
[[  58    0    0 ...    0    0    0]
 [   0 1067    0 ...    0    0    2]
 [   0    0  183 ...    0    0    0]
 ...
 [   0    0    0 ...    0    0    0]
 [   0    0    0 ...    0    0    0]
 [   0    0    0 ...    0    0  485]]
loss list: [2.9894624999306765, 2.948721601309574, 2.941918331975377, 2.938746306725971, 2.936706090963337, 2.9351114524902604, 2.933852765791617, 2.9329713276533513, 2.9321629318972113, 2.9315977309863257, 2.930912006153777, 2.930434632834965, 2.9301372578729126, 2.9294489903732814, 2.929024106494144, 2.9284270566895554, 2.9282945495026946, 2.928162035869517, 2.927715122365688, 2.927587988060158, 2.9271320217943386, 2.9267397193570073, 2.926637378754887, 2.926527634575946, 2.9262889386952837, 2.9261460397413654, 2.9260787202550627, 2.925843702802576, 2.9255571659404898, 2.925368742478185, 2.9253162627893836, 2.9252652891009845, 2.9249692287224174, 2.9246953857616522, 2.924901136931848]
accuracy list: [0.8818100190022761, 0.886362212616676, 0.8852554866462027, 0.8901000229697843, 0.8877612812963311, 0.8876777548079935, 0.8884712564472008, 0.8888262440226357, 0.8892856397084925, 0.8899747332372778, 0.8904132473010503, 0.8899538516151935, 0.8894944559293366, 0.8891185867318173, 0.888742717534298, 0.8887844807784668, 0.889202113220155, 0.8890559418655641, 0.8878865710288375, 0.8895988640397586, 0.8892438764643238, 0.8891185867318173, 0.8885130196913696, 0.8890141786213953, 0.8883668483367788, 0.8880536240055128, 0.8891185867318173, 0.8891185867318173, 0.8895362191735054, 0.8881789137380192, 0.8890559418655641, 0.8887218359122137, 0.8876359915638247, 0.8874689385871495, 0.8871139510117146]
