iteration 0

avarage loss in epoch: 3.018313250158756 
Accuracy: 0.9010628745640962
Confusion Matrix:
[[  72    0    0 ...    0    0    7]
 [   0    0    0 ...    0    0   13]
 [   0    0  789 ...    0    0    1]
 ...
 [   0    0    2 ...    0    0    0]
 [   0    0    0 ...    0 1152    1]
 [   0    0    1 ...    0    0 4020]]
iteration 1

avarage loss in epoch: 2.9183450737433185 
Accuracy: 0.916891144104074
Confusion Matrix:
[[  77    0    0 ...    0    0    7]
 [   0    0    0 ...    0    0   13]
 [   0    0  815 ...    0    0    0]
 ...
 [   0    0    0 ...    0    0    1]
 [   0    0    1 ...    0 1152    1]
 [   0    0    0 ...    0    0 4043]]
iteration 2

avarage loss in epoch: 2.905700895432108 
Accuracy: 0.923615026415252
Confusion Matrix:
[[  83    0    0 ...    0    0    3]
 [   0    0    0 ...    0    0   13]
 [   0    0  852 ...    0    0    0]
 ...
 [   1    0    0 ...    0    0    2]
 [   0    0    2 ...    0 1154    2]
 [   0    0    2 ...    0    0 4079]]
iteration 3

avarage loss in epoch: 2.8979292706534623 
Accuracy: 0.9280836935413143
Confusion Matrix:
[[ 111    0    0 ...    0    0    0]
 [   0    0    0 ...    0    0   13]
 [   0    0  839 ...    0    0    1]
 ...
 [   0    0    0 ...    0    0    1]
 [   0    0    5 ...    0 1153    1]
 [   0    0    1 ...    0    0 4071]]
iteration 4

avarage loss in epoch: 2.893351280239329 
Accuracy: 0.9318215038944225
Confusion Matrix:
[[ 112    0    0 ...    0    0    0]
 [   0    0    0 ...    0    0   13]
 [   0    0  845 ...    0    0    0]
 ...
 [   0    0    0 ...    0    0    1]
 [   0    0    1 ...    0 1153    1]
 [   0    0    0 ...    0    0 4089]]
iteration 5

avarage loss in epoch: 2.889069772546394 
Accuracy: 0.932468834179039
Confusion Matrix:
[[ 111    0    0 ...    0    0    0]
 [   0    0    0 ...    0    0   13]
 [   0    0  844 ...    0    0    0]
 ...
 [   0    0    0 ...    0    0    1]
 [   0    0    3 ...    0 1154    2]
 [   0    0    1 ...    0    0 4081]]
iteration 6

avarage loss in epoch: 2.887296528537482 
Accuracy: 0.9324270709348702
Confusion Matrix:
[[ 112    0    0 ...    0    0    0]
 [   0    0    0 ...    0    0   13]
 [   0    0  833 ...    0    0    0]
 ...
 [   0    0    0 ...    0    0    0]
 [   0    0    1 ...    0 1154    3]
 [   0    0    0 ...    0    0 4085]]
iteration 7

avarage loss in epoch: 2.8854956748926 
Accuracy: 0.9353922612708555
Confusion Matrix:
[[ 112    0    0 ...    0    0    0]
 [   0    0    0 ...    0    0   13]
 [   0    0  865 ...    0    0    0]
 ...
 [   0    0    0 ...    0    0    1]
 [   0    0    7 ...    0 1154    2]
 [   0    0    0 ...    0    0 4086]]
iteration 8

avarage loss in epoch: 2.8839417552907403 
Accuracy: 0.9345569963874794
Confusion Matrix:
[[ 111    0    0 ...    0    0    0]
 [   0    0    0 ...    0    0   13]
 [   0    0  852 ...    0    0    0]
 ...
 [   0    0    0 ...    0    0    0]
 [   0    0    2 ...    0 1153    2]
 [   0    0    0 ...    0    0 4080]]
iteration 9

avarage loss in epoch: 2.8829553272917647 
Accuracy: 0.9351834450500115
Confusion Matrix:
[[ 112    0    0 ...    0    0    0]
 [   0    0    0 ...    0    0   13]
 [   0    0  842 ...    0    0    0]
 ...
 [   0    0    0 ...    0    0    0]
 [   0    0    0 ...    0 1154    2]
 [   0    0    1 ...    0    0 4091]]
iteration 10

avarage loss in epoch: 2.8820796806817697 
Accuracy: 0.9354757877591932
Confusion Matrix:
[[ 112    0    0 ...    0    0    0]
 [   0    0    0 ...    0    0   13]
 [   0    0  864 ...    0    0    0]
 ...
 [   0    0    0 ...    0    0    2]
 [   0    0    0 ...    0 1154    2]
 [   0    0    0 ...    0    0 4084]]
iteration 11

avarage loss in epoch: 2.880920591439616 
Accuracy: 0.9364572239971601
Confusion Matrix:
[[ 111    0    0 ...    0    0    1]
 [   0    0    0 ...    0    0   13]
 [   0    0  854 ...    0    0    0]
 ...
 [   0    0    0 ...    0    0    2]
 [   0    0    0 ...    0 1154    2]
 [   1    0    0 ...    0    0 4072]]
iteration 12

avarage loss in epoch: 2.8791232335716317 
Accuracy: 0.9372924888805363
Confusion Matrix:
[[ 111    0    0 ...    0    0    0]
 [   0    0    0 ...    0    0   13]
 [   0    0  858 ...    0    0    0]
 ...
 [   0    0    0 ...    0    0    1]
 [   0    0    0 ...    0 1154    2]
 [   0    0    1 ...    0    0 4075]]
iteration 13

avarage loss in epoch: 2.8782556431619586 
Accuracy: 0.9373551337467895
Confusion Matrix:
[[ 109    0    0 ...    0    0    1]
 [   0    0    0 ...    0    0   13]
 [   0    0  863 ...    0    0    0]
 ...
 [   0    0    0 ...    0    0    3]
 [   0    0    0 ...    0 1153    5]
 [   0    0    1 ...    0    0 4077]]
iteration 14

avarage loss in epoch: 2.8774043608469535 
Accuracy: 0.9375013051013803
Confusion Matrix:
[[ 112    0    0 ...    0    0    0]
 [   0    0    0 ...    0    0   13]
 [   0    0  864 ...    0    0    0]
 ...
 [   0    0    0 ...    0    0    1]
 [   0    0    0 ...    0 1154    2]
 [   0    0    1 ...    0    0 4070]]
iteration 15

avarage loss in epoch: 2.8769898214520175 
Accuracy: 0.937334252124705
Confusion Matrix:
[[ 112    0    0 ...    0    0    0]
 [   0    0    0 ...    0    0   13]
 [   0    0  864 ...    0    0    0]
 ...
 [   0    0    0 ...    0    0    0]
 [   0    0    0 ...    0 1153    3]
 [   0    0    1 ...    0    0 4075]]
iteration 16

avarage loss in epoch: 2.876422806627093 
Accuracy: 0.938106872141828
Confusion Matrix:
[[ 112    0    0 ...    0    0    0]
 [   0    0    0 ...    0    0   13]
 [   0    0  850 ...    0    0    0]
 ...
 [   0    0    0 ...    0    0    1]
 [   0    0    0 ...    0 1154    3]
 [   0    0    1 ...    0    0 4079]]
iteration 17

avarage loss in epoch: 2.875706655103354 
Accuracy: 0.9384618597172628
Confusion Matrix:
[[ 112    0    0 ...    0    0    0]
 [   0    0    0 ...    0    0   13]
 [   0    0  857 ...    0    0    0]
 ...
 [   0    0    0 ...    0    0    0]
 [   0    0    0 ...    0 1154    2]
 [   0    0    1 ...    0    0 4081]]
iteration 18

avarage loss in epoch: 2.8752587021293623 
Accuracy: 0.9385036229614316
Confusion Matrix:
[[ 111    0    0 ...    0    0    1]
 [   0    0    0 ...    0    0   13]
 [   0    0  871 ...    0    0    0]
 ...
 [   0    0    0 ...    0    0    0]
 [   0    0    0 ...    0 1153    4]
 [   0    0    1 ...    0    0 4070]]
iteration 19

avarage loss in epoch: 2.874846941572651 
Accuracy: 0.9386915575601913
Confusion Matrix:
[[ 112    0    0 ...    0    0    0]
 [   0    0    0 ...    0    0   13]
 [   0    0  852 ...    0    0    0]
 ...
 [   0    0    0 ...    0    0    2]
 [   0    0    0 ...    0 1154    2]
 [   0    0    1 ...    0    0 4076]]
iteration 20

avarage loss in epoch: 2.8744496394976315 
Accuracy: 0.9387959656706133
Confusion Matrix:
[[ 111    0    0 ...    0    1    0]
 [   0    0    0 ...    0    0   13]
 [   0    0  851 ...    0    0    0]
 ...
 [   0    0    0 ...    0    0    0]
 [   0    0    0 ...    0 1152    3]
 [   0    0    1 ...    0    0 4075]]
iteration 21

avarage loss in epoch: 2.8741743803853073 
Accuracy: 0.9386080310718536
Confusion Matrix:
[[ 111    0    0 ...    0    0    0]
 [   0    0    0 ...    0    0   13]
 [   0    0  853 ...    0    0    0]
 ...
 [   0    0    0 ...    0    0    0]
 [   0    0    0 ...    0 1154    5]
 [   0    0    0 ...    0    0 4079]]
iteration 22

avarage loss in epoch: 2.8734006501150726 
Accuracy: 0.9396312305539894
Confusion Matrix:
[[ 112    0    0 ...    0    0    0]
 [   0    0    0 ...    0    0   13]
 [   0    0  869 ...    0    0    0]
 ...
 [   0    0    0 ...    0    0    0]
 [   0    0    0 ...    0 1154    6]
 [   0    0    1 ...    0    0 4080]]
iteration 23

avarage loss in epoch: 2.8727763209335513 
Accuracy: 0.9401950343502683
Confusion Matrix:
[[ 112    0    0 ...    0    0    0]
 [   0    0    0 ...    0    0   13]
 [   0    0  858 ...    0    0    0]
 ...
 [   0    0    0 ...    0    0    0]
 [   0    0    0 ...    0 1154    2]
 [   0    0    1 ...    0    0 4081]]
iteration 24

avarage loss in epoch: 2.872515470880453 
Accuracy: 0.9397982835306646
Confusion Matrix:
[[ 112    0    0 ...    0    0    0]
 [   0    0    0 ...    0    0   13]
 [   0    0  867 ...    0    0    0]
 ...
 [   0    0    0 ...    0    0    0]
 [   0    0    0 ...    0 1154    0]
 [   0    0    1 ...    0    0 4076]]
iteration 25

avarage loss in epoch: 2.8722197062734445 
Accuracy: 0.9398400467748335
Confusion Matrix:
[[ 112    0    0 ...    0    0    0]
 [   0    0    0 ...    0    0   13]
 [   0    0  859 ...    0    0    0]
 ...
 [   0    0    0 ...    0    0    0]
 [   0    0    0 ...    0 1154    1]
 [   0    0    1 ...    0    0 4080]]
iteration 26

avarage loss in epoch: 2.8718877308890987 
Accuracy: 0.9401950343502683
Confusion Matrix:
[[ 112    0    0 ...    0    1    0]
 [   0    0    0 ...    0    0   13]
 [   0    0  865 ...    0    0    0]
 ...
 [   0    0    0 ...    0    0    1]
 [   0    0    0 ...    0 1153    1]
 [   0    0    0 ...    0    0 4077]]
iteration 27

avarage loss in epoch: 2.871644932197388 
Accuracy: 0.9400488629956775
Confusion Matrix:
[[ 112    0    0 ...    0    0    0]
 [   0    0    0 ...    0    0   13]
 [   0    0  860 ...    0    0    0]
 ...
 [   0    0    0 ...    0    0    0]
 [   0    0    0 ...    0 1153    1]
 [   0    0    0 ...    0    0 4076]]
iteration 28

avarage loss in epoch: 2.8714432700808823 
Accuracy: 0.9406544300361253
Confusion Matrix:
[[ 112    0    0 ...    0    0    0]
 [   0    0    0 ...    0    0   13]
 [   0    0  855 ...    0    0    0]
 ...
 [   0    0    0 ...    0    0    0]
 [   0    0    0 ...    0 1154    1]
 [   0    0    0 ...    0    0 4074]]
iteration 29

avarage loss in epoch: 2.8712592777647035 
Accuracy: 0.9410720624778133
Confusion Matrix:
[[ 112    0    0 ...    0    1    0]
 [   0    0    0 ...    0    0   13]
 [   0    0  856 ...    0    0    0]
 ...
 [   0    0    0 ...    0    0    0]
 [   0    0    0 ...    0 1153    1]
 [   0    0    0 ...    0    0 4082]]
iteration 30

avarage loss in epoch: 2.871117671446348 
Accuracy: 0.9412182338324041
Confusion Matrix:
[[ 112    0    0 ...    0    0    1]
 [   0    0    0 ...    0    0   13]
 [   0    0  855 ...    0    0    1]
 ...
 [   0    0    0 ...    0    0    1]
 [   0    0    0 ...    0 1151    3]
 [   0    0    0 ...    0    0 4081]]
iteration 31

avarage loss in epoch: 2.8708284864208484 
Accuracy: 0.9396521121760738
Confusion Matrix:
[[ 112    0    0 ...    0    1    0]
 [   0    0    0 ...    0    0   13]
 [   0    0  858 ...    0    0    0]
 ...
 [   0    0    0 ...    0    0    1]
 [   0    0    0 ...    0 1154    1]
 [   0    0    0 ...    0    0 4080]]
iteration 32

avarage loss in epoch: 2.870666959288104 
Accuracy: 0.9403203240827748
Confusion Matrix:
[[ 112    0    0 ...    0    0    1]
 [   0    0    0 ...    0    0   13]
 [   0    0  860 ...    0    0    0]
 ...
 [   0    0    0 ...    0    0    1]
 [   0    0    0 ...    0 1152    0]
 [   0    0    0 ...    0    0 4082]]
iteration 33

avarage loss in epoch: 2.8704827739503003 
Accuracy: 0.9405709035477876
Confusion Matrix:
[[ 112    0    0 ...    0    0    1]
 [   0    0    0 ...    0    0   13]
 [   0    0  860 ...    0    0    0]
 ...
 [   0    0    0 ...    0    0    0]
 [   0    0    0 ...    0 1153    1]
 [   0    0    0 ...    0    0 4080]]
iteration 34

avarage loss in epoch: 2.870373200756264 
Accuracy: 0.9399026916410866
Confusion Matrix:
[[ 112    0    0 ...    0    1    0]
 [   0    0    0 ...    0    0   13]
 [   0    0  840 ...    0    0    0]
 ...
 [   0    0    0 ...    0    0    2]
 [   0    0    0 ...    0 1154    1]
 [   0    0    0 ...    0    0 4085]]
loss list: [3.018313250158756, 2.9183450737433185, 2.905700895432108, 2.8979292706534623, 2.893351280239329, 2.889069772546394, 2.887296528537482, 2.8854956748926, 2.8839417552907403, 2.8829553272917647, 2.8820796806817697, 2.880920591439616, 2.8791232335716317, 2.8782556431619586, 2.8774043608469535, 2.8769898214520175, 2.876422806627093, 2.875706655103354, 2.8752587021293623, 2.874846941572651, 2.8744496394976315, 2.8741743803853073, 2.8734006501150726, 2.8727763209335513, 2.872515470880453, 2.8722197062734445, 2.8718877308890987, 2.871644932197388, 2.8714432700808823, 2.8712592777647035, 2.871117671446348, 2.8708284864208484, 2.870666959288104, 2.8704827739503003, 2.870373200756264]
accuracy list: [0.9010628745640962, 0.916891144104074, 0.923615026415252, 0.9280836935413143, 0.9318215038944225, 0.932468834179039, 0.9324270709348702, 0.9353922612708555, 0.9345569963874794, 0.9351834450500115, 0.9354757877591932, 0.9364572239971601, 0.9372924888805363, 0.9373551337467895, 0.9375013051013803, 0.937334252124705, 0.938106872141828, 0.9384618597172628, 0.9385036229614316, 0.9386915575601913, 0.9387959656706133, 0.9386080310718536, 0.9396312305539894, 0.9401950343502683, 0.9397982835306646, 0.9398400467748335, 0.9401950343502683, 0.9400488629956775, 0.9406544300361253, 0.9410720624778133, 0.9412182338324041, 0.9396521121760738, 0.9403203240827748, 0.9405709035477876, 0.9399026916410866]
