iteration 0

avarage loss in epoch: 0.9863531846751363 
Accuracy: 0.5559299191374663
Confusion Matrix:
[[1410  480  134   24   46]
 [  50    0   84   93   74]
 [  84  890 1018   49   51]
 [  16 1266   17 1847    3]
 [  18  511   47   17  675]]
iteration 1

avarage loss in epoch: 0.9440428319141394 
Accuracy: 0.6324428345030564
Confusion Matrix:
[[1604  332  108   22   28]
 [  41    0   80   67   43]
 [  83  702 1239   34   34]
 [  16 1128   18 1986    1]
 [  24  443   26   17  758]]
iteration 2

avarage loss in epoch: 0.9299494043027806 
Accuracy: 0.6617197235753937
Confusion Matrix:
[[1620  279  146   23   26]
 [  40    0   75   51   58]
 [  72  615 1334   23   48]
 [  17 1089   14 2025    4]
 [  18  351   23   14  862]]
iteration 3

avarage loss in epoch: 0.9230912657555039 
Accuracy: 0.6790916389494208
Confusion Matrix:
[[1639  321   93   19   22]
 [   9    0   53   19   35]
 [  55  580 1398   21   38]
 [  14 1104   15 2015    1]
 [  22  339   26   12  869]]
iteration 4

avarage loss in epoch: 0.9195181559890032 
Accuracy: 0.6843067779174763
Confusion Matrix:
[[1692  303   65    7   27]
 [  24    0   53   22   47]
 [  55  547 1423   19   48]
 [  21 1124   21 1973   10]
 [  20  321   17   11  899]]
iteration 5

avarage loss in epoch: 0.9172420380511397 
Accuracy: 0.6897898242793155
Confusion Matrix:
[[1719  290   39    8   38]
 [  18    0   30   18   38]
 [  64  549 1403   23   53]
 [  17 1141   10 1974    7]
 [  18  322    9    9  910]]
iteration 6

avarage loss in epoch: 0.9156643041436624 
Accuracy: 0.6909132629646627
Confusion Matrix:
[[1686  308   57   11   32]
 [  16    0   41   21   35]
 [  49  550 1429   27   37]
 [  17 1115    8 2002    7]
 [  13  326   15    9  905]]
iteration 7

avarage loss in epoch: 0.9146667003612944 
Accuracy: 0.6960570180480515
Confusion Matrix:
[[1705  293   57    8   31]
 [  14    0   34   19   29]
 [  44  529 1468   20   31]
 [  16 1146    8 1974    5]
 [  14  318   18   10  908]]
iteration 8

avarage loss in epoch: 0.913779957177637 
Accuracy: 0.6921489971346705
Confusion Matrix:
[[1687  286   68    6   47]
 [   7    0   59   15   41]
 [  38  504 1485   16   49]
 [  15 1144   18 1954   18]
 [   9  316   22    8  913]]
iteration 9

avarage loss in epoch: 0.9131583064080105 
Accuracy: 0.6993471538197228
Confusion Matrix:
[[1717  276   52    7   42]
 [  12    0   49   23   44]
 [  55  511 1460   20   46]
 [  17 1090   16 2004   22]
 [   9  313   14    7  925]]
iteration 10

avarage loss in epoch: 0.9125455173730648 
Accuracy: 0.6912743972445465
Confusion Matrix:
[[1701  284   48    5   56]
 [  14    0   42   15   36]
 [  50  524 1452   21   45]
 [  18 1143   20 1951   17]
 [   8  319   16    8  917]]
iteration 11

avarage loss in epoch: 0.9122123696849057 
Accuracy: 0.690249224761686
Confusion Matrix:
[[1680  314   62    5   33]
 [   8    0   50   11   35]
 [  35  517 1483   19   38]
 [  18 1171   13 1931   16]
 [   7  318   18    9  916]]
iteration 12

avarage loss in epoch: 0.9118692578050697 
Accuracy: 0.6910970706490522
Confusion Matrix:
[[1701  311   46    5   31]
 [  10    0   39   14   39]
 [  49  529 1453   20   41]
 [  15 1170   10 1938   16]
 [   9  314   13    8  924]]
iteration 13

avarage loss in epoch: 0.9115779389385479 
Accuracy: 0.7005733944954129
Confusion Matrix:
[[1693  294   58    7   42]
 [  11    0   52   23   31]
 [  48  503 1488   20   33]
 [  18 1097   15 2007   12]
 [  10  314   13   10  921]]
iteration 14

avarage loss in epoch: 0.9113367135855831 
Accuracy: 0.6950281318176599
Confusion Matrix:
[[1704  296   36    8   50]
 [  10    0   39   16   41]
 [  59  512 1457   23   41]
 [  23 1139    9 1965   13]
 [   8  314   10    9  927]]
iteration 15

avarage loss in epoch: 0.9110749095152701 
Accuracy: 0.6934130359811472
Confusion Matrix:
[[1718  310   33    3   30]
 [  14    0   39   15   28]
 [  67  529 1447   14   35]
 [  22 1162   12 1940   13]
 [  10  316    8    7  927]]
iteration 16

avarage loss in epoch: 0.91091387680601 
Accuracy: 0.6962869295321301
Confusion Matrix:
[[1708  319   35    5   27]
 [  11    0   39   16   30]
 [  56  508 1462   16   50]
 [  18 1156   13 1953    9]
 [   9  310    8    7  934]]
iteration 17

avarage loss in epoch: 0.9107829912241756 
Accuracy: 0.6942784926470589
Confusion Matrix:
[[1698  321   44    5   26]
 [  10    0   42   20   29]
 [  51  513 1469   19   40]
 [  18 1163   11 1945   12]
 [   7  309   12    9  931]]
iteration 18

avarage loss in epoch: 0.9106620412183976 
Accuracy: 0.6797927461139897
Confusion Matrix:
[[1691  354   30    6   13]
 [  10    0   33   17   22]
 [  57  538 1448   18   31]
 [  19 1270    8 1842   10]
 [   7  319   10    9  923]]
iteration 19

avarage loss in epoch: 0.9105506455673782 
Accuracy: 0.681174438687392
Confusion Matrix:
[[1689  336   41    5   23]
 [   9    0   33   13   27]
 [  55  527 1447   16   47]
 [  23 1248   11 1850   17]
 [   8  314    9    7  930]]
loss list: [0.9863531846751363, 0.9440428319141394, 0.9299494043027806, 0.9230912657555039, 0.9195181559890032, 0.9172420380511397, 0.9156643041436624, 0.9146667003612944, 0.913779957177637, 0.9131583064080105, 0.9125455173730648, 0.9122123696849057, 0.9118692578050697, 0.9115779389385479, 0.9113367135855831, 0.9110749095152701, 0.91091387680601, 0.9107829912241756, 0.9106620412183976, 0.9105506455673782]
accuracy list: [0.5559299191374663, 0.6324428345030564, 0.6617197235753937, 0.6790916389494208, 0.6843067779174763, 0.6897898242793155, 0.6909132629646627, 0.6960570180480515, 0.6921489971346705, 0.6993471538197228, 0.6912743972445465, 0.690249224761686, 0.6910970706490522, 0.7005733944954129, 0.6950281318176599, 0.6934130359811472, 0.6962869295321301, 0.6942784926470589, 0.6797927461139897, 0.681174438687392]
