iteration 0

avarage loss in epoch: 0.9875817650529575 
Accuracy: 0.6039494120257377
Confusion Matrix:
[[1458  430  114   75   17]
 [  48    0   89  225   49]
 [  83  792 1067  116   34]
 [  16  780   19 2333    1]
 [  36  560   50   36  586]]
iteration 1

avarage loss in epoch: 0.9434534973954889 
Accuracy: 0.6498871331828442
Confusion Matrix:
[[1633  302  106   16   37]
 [  47    0  109   61   40]
 [  81  652 1294   35   30]
 [  17 1045   17 2068    2]
 [  27  415   48   15  763]]
iteration 2

avarage loss in epoch: 0.9293360481362015 
Accuracy: 0.685221168133501
Confusion Matrix:
[[1657  283   89   21   44]
 [  10    0   55   36   45]
 [  70  613 1342   34   33]
 [  17  983   14 2133    2]
 [  15  340   35   15  863]]
iteration 3

avarage loss in epoch: 0.9225773443283807 
Accuracy: 0.6899242598117971
Confusion Matrix:
[[1699  276   67    7   45]
 [   8    0   35   23   45]
 [  66  588 1377   24   37]
 [  19 1065   10 2049    6]
 [  15  327   29   10  887]]
iteration 4

avarage loss in epoch: 0.9191473163823137 
Accuracy: 0.7072108219649204
Confusion Matrix:
[[1703  265   76    8   42]
 [  15    0   38   21   46]
 [  66  549 1423   25   29]
 [  13  981   12 2139    4]
 [  15  319   15   15  904]]
iteration 5

avarage loss in epoch: 0.9168406097684886 
Accuracy: 0.7165001722356183
Confusion Matrix:
[[1778  255   46    5   10]
 [  33    0   33   12   28]
 [  83  541 1421   21   26]
 [  25  961   15 2139    9]
 [  26  313   15   12  902]]
iteration 6

avarage loss in epoch: 0.9153132778593736 
Accuracy: 0.7097255712481341
Confusion Matrix:
[[1699  274   78    9   34]
 [  14    0   35   17   40]
 [  52  536 1441   26   37]
 [  14  993   14 2122    6]
 [  10  309   17   13  919]]
iteration 7

avarage loss in epoch: 0.91416709748512 
Accuracy: 0.7206000229016375
Confusion Matrix:
[[1724  270   61    8   31]
 [  27    0   45   24   34]
 [  62  509 1460   34   27]
 [  14  928   13 2185    9]
 [  12  310   12   10  924]]
iteration 8

avarage loss in epoch: 0.913253578949589 
Accuracy: 0.7142857142857143
Confusion Matrix:
[[1714  282   71    4   23]
 [  20    0   37   16   25]
 [  59  524 1469   19   21]
 [  17  993   19 2112    8]
 [  13  316    9   10  920]]
iteration 9

avarage loss in epoch: 0.912651365255806 
Accuracy: 0.712401055408971
Confusion Matrix:
[[1730  277   54    4   29]
 [  17    0   46   16   35]
 [  54  503 1479   24   32]
 [  19 1025   17 2078   10]
 [   8  313   14   10  923]]
iteration 10

avarage loss in epoch: 0.9122002206829882 
Accuracy: 0.700103531577131
Confusion Matrix:
[[1731  292   42    4   25]
 [  14    0   36   11   29]
 [  60  528 1449   22   33]
 [  19 1122   13 1983   12]
 [  12  316   10    7  923]]
iteration 11

avarage loss in epoch: 0.911778923291466 
Accuracy: 0.704417670682731
Confusion Matrix:
[[1707  306   50    6   25]
 [  16    0   41   18   37]
 [  54  499 1482   23   34]
 [  17 1079   20 2019   14]
 [  10  306   12    9  931]]
iteration 12

avarage loss in epoch: 0.9114494941370227 
Accuracy: 0.6852213916043703
Confusion Matrix:
[[1685  342   41    1   25]
 [  15    0   40   11   26]
 [  58  536 1449   17   32]
 [  15 1198   20 1893   23]
 [  10  308   13    6  931]]
iteration 13

avarage loss in epoch: 0.911164002589831 
Accuracy: 0.7017100883736945
Confusion Matrix:
[[1656  335   68    8   27]
 [  12    0   50   23   25]
 [  48  518 1469   27   30]
 [  13 1046   18 2060   12]
 [   8  306   15   10  929]]
iteration 14

avarage loss in epoch: 0.9109862347430441 
Accuracy: 0.6987591911764706
Confusion Matrix:
[[1711  310   43    2   28]
 [  16    0   42   15   28]
 [  59  522 1458   22   31]
 [  18 1119   17 1976   19]
 [   9  300   15    7  937]]
iteration 15

avarage loss in epoch: 0.9107496514806532 
Accuracy: 0.7095516569200779
Confusion Matrix:
[[1701  297   61    7   28]
 [  17    0   49   27   25]
 [  53  518 1451   32   38]
 [  16 1005   19 2099   10]
 [   9  298   14   10  937]]
iteration 16

avarage loss in epoch: 0.9106419009739424 
Accuracy: 0.7083285468121769
Confusion Matrix:
[[1701  305   55    5   28]
 [   9    0   47   20   26]
 [  45  509 1467   33   38]
 [  17 1035   26 2056   15]
 [   7  297   13    9  942]]
iteration 17

avarage loss in epoch: 0.91043528368369 
Accuracy: 0.7010107971513898
Confusion Matrix:
[[1719  314   44    2   15]
 [  14    0   45   14   30]
 [  59  532 1450   16   35]
 [  15 1105   20 1994   15]
 [  11  296   12    9  940]]
iteration 18

avarage loss in epoch: 0.9102795131824749 
Accuracy: 0.7120238641578706
Confusion Matrix:
[[1705  303   59    6   21]
 [  12    0   58   16   27]
 [  51  502 1472   28   39]
 [  16 1010   21 2085   17]
 [  10  292   12   10  944]]
iteration 19

avarage loss in epoch: 0.9102110784613993 
Accuracy: 0.7064157006771491
Confusion Matrix:
[[1672  329   69    4   20]
 [  18    0   52   15   25]
 [  44  501 1488   26   33]
 [  13 1049   20 2055   12]
 [  10  296   14    8  940]]
loss list: [0.9875817650529575, 0.9434534973954889, 0.9293360481362015, 0.9225773443283807, 0.9191473163823137, 0.9168406097684886, 0.9153132778593736, 0.91416709748512, 0.913253578949589, 0.912651365255806, 0.9122002206829882, 0.911778923291466, 0.9114494941370227, 0.911164002589831, 0.9109862347430441, 0.9107496514806532, 0.9106419009739424, 0.91043528368369, 0.9102795131824749, 0.9102110784613993]
accuracy list: [0.6039494120257377, 0.6498871331828442, 0.685221168133501, 0.6899242598117971, 0.7072108219649204, 0.7165001722356183, 0.7097255712481341, 0.7206000229016375, 0.7142857142857143, 0.712401055408971, 0.700103531577131, 0.704417670682731, 0.6852213916043703, 0.7017100883736945, 0.6987591911764706, 0.7095516569200779, 0.7083285468121769, 0.7010107971513898, 0.7120238641578706, 0.7064157006771491]
