iteration 0

avarage loss in epoch: 1.0232722039758255 
Accuracy: 0.5600430802369413
Confusion Matrix:
[[ 590  112   45   75  446]
 [  19 2564   57   85  424]
 [  69  312  749  145  817]
 [  54  221  117 1297  405]
 [  20  531   72   59    0]]
iteration 1

avarage loss in epoch: 0.961194541827998 
Accuracy: 0.654202654307984
Confusion Matrix:
[[ 744  124   62   76  262]
 [   2 2883   48   40  176]
 [  38  312 1137  128  477]
 [  29  301  138 1447  179]
 [  19  585  194   93    0]]
iteration 2

avarage loss in epoch: 0.9423719317107885 
Accuracy: 0.6832523016447709
Confusion Matrix:
[[ 785   95  110   58  220]
 [   5 2877  112   42  113]
 [  40  216 1399  107  330]
 [  30  228  194 1544   98]
 [  24  503  441   96    0]]
iteration 3

avarage loss in epoch: 0.932909872318198 
Accuracy: 0.6918129848917925
Confusion Matrix:
[[ 822   67  128   87  164]
 [   4 2765  237   56   87]
 [  45  129 1531  136  251]
 [  28  139  197 1659   71]
 [  41  255  703  194    0]]
iteration 4

avarage loss in epoch: 0.9268665941373556 
Accuracy: 0.7022340099969397
Confusion Matrix:
[[ 847   58  153   73  137]
 [   3 2722  303   50   71]
 [  24  120 1662   90  196]
 [  37  132  215 1653   57]
 [  28  241  759  172    0]]
iteration 5

avarage loss in epoch: 0.9230541395186334 
Accuracy: 0.7112375533428165
Confusion Matrix:
[[ 873   56  134   80  125]
 [   3 2703  311   65   67]
 [  28   94 1703   99  168]
 [  36  103  181 1721   53]
 [  35  220  745  239    0]]
iteration 6

avarage loss in epoch: 0.9202088986635768 
Accuracy: 0.7360893621463618
Confusion Matrix:
[[ 869   53  121   77  148]
 [   5 2757  248   51   88]
 [  25   96 1691   90  190]
 [  18  115  170 1734   57]
 [  22  229  512  213    0]]
iteration 7

avarage loss in epoch: 0.9184039442747687 
Accuracy: 0.7302522746071133
Confusion Matrix:
[[ 888   54  127   58  141]
 [   6 2744  282   41   76]
 [  31   99 1694   89  179]
 [  31  116  155 1737   55]
 [  31  208  693  137    0]]
iteration 8

avarage loss in epoch: 0.9169321956534574 
Accuracy: 0.7390898724992225
Confusion Matrix:
[[ 906   55  107   63  137]
 [   6 2769  249   55   70]
 [  27  102 1679  105  179]
 [  20  110  125 1776   63]
 [  24  203  598  219    0]]
iteration 9

avarage loss in epoch: 0.9159096190389773 
Accuracy: 0.7364542246211335
Confusion Matrix:
[[ 906   50  127   49  136]
 [   5 2682  331   49   82]
 [  26   71 1762   81  152]
 [  27   96  161 1745   65]
 [  36  186  677  132    0]]
iteration 10

avarage loss in epoch: 0.9149615494704817 
Accuracy: 0.7425578259516648
Confusion Matrix:
[[ 923   63   89   58  135]
 [   5 2756  246   55   87]
 [  35   98 1690  117  152]
 [  33   86  120 1790   65]
 [  56  223  574  185    0]]
iteration 11

avarage loss in epoch: 0.9144579115820923 
Accuracy: 0.7448766206608114
Confusion Matrix:
[[ 931   57   88   60  132]
 [   4 2744  259   50   92]
 [  25   88 1699   87  193]
 [  28  102  139 1750   75]
 [  38  224  564  135    0]]
iteration 12

avarage loss in epoch: 0.9134954953816469 
Accuracy: 0.731992952637579
Confusion Matrix:
[[ 942   45  106   57  118]
 [   7 2590  425   59   68]
 [  25   59 1771   74  163]
 [  24   63  185 1760   62]
 [  44  137  735  130    0]]
iteration 13

avarage loss in epoch: 0.9130546346099355 
Accuracy: 0.7359468989836133
Confusion Matrix:
[[ 939   42  122   53  112]
 [   4 2602  410   71   62]
 [  27   55 1764   89  157]
 [  31   64  161 1791   47]
 [  50  156  674  159    0]]
iteration 14

avarage loss in epoch: 0.9126285558833626 
Accuracy: 0.7233173322438975
Confusion Matrix:
[[ 949   38  147   41   93]
 [   7 2557  493   46   46]
 [  30   55 1815   64  128]
 [  26   38  227 1761   42]
 [  55  141  874  118    0]]
iteration 15

avarage loss in epoch: 0.9122747456581776 
Accuracy: 0.7203528929011079
Confusion Matrix:
[[ 936   32  154   44  102]
 [   7 2517  517   49   59]
 [  21   47 1792   88  144]
 [  20   35  215 1777   47]
 [  38  100  925   82    0]]
iteration 16

avarage loss in epoch: 0.9119923982134676 
Accuracy: 0.7136437908496732
Confusion Matrix:
[[ 956   30  163   28   91]
 [   9 2441  594   49   56]
 [  26   37 1845   65  119]
 [  26   34  246 1746   42]
 [  49   71  991   78    0]]
iteration 17

avarage loss in epoch: 0.911616502709928 
Accuracy: 0.7122993558940803
Confusion Matrix:
[[ 951   29  154   42   92]
 [   5 2392  610   74   68]
 [  27   31 1826   81  127]
 [  20   22  214 1798   40]
 [  45   65  937  131    0]]
iteration 18

avarage loss in epoch: 0.911294286535992 
Accuracy: 0.7174851037600164
Confusion Matrix:
[[ 961   32  150   27   98]
 [   6 2458  599   28   58]
 [  29   44 1829   53  137]
 [  24   34  243 1736   57]
 [  33   82  973   43    0]]
iteration 19

avarage loss in epoch: 0.9110105541620235 
Accuracy: 0.7114402451481103
Confusion Matrix:
[[ 967   26  166   27   82]
 [  10 2428  604   39   68]
 [  30   42 1833   61  126]
 [  26   26  253 1737   52]
 [  38   76 1037   36    0]]
iteration 20

avarage loss in epoch: 0.9106596402582682 
Accuracy: 0.7290170326287708
Confusion Matrix:
[[ 968   42  143   33   82]
 [   6 2579  468   36   60]
 [  29   60 1783   86  134]
 [  22   41  208 1775   48]
 [  43  164  871   65    0]]
iteration 21

avarage loss in epoch: 0.9104598956862917 
Accuracy: 0.714227351649474
Confusion Matrix:
[[ 972   24  148   38   86]
 [   8 2443  597   42   59]
 [  35   43 1821   70  123]
 [  23   30  235 1757   49]
 [  50   89 1002   47    0]]
iteration 22

avarage loss in epoch: 0.9103172317592448 
Accuracy: 0.7155551016239403
Confusion Matrix:
[[ 966   24  159   32   87]
 [   6 2464  588   37   54]
 [  30   41 1835   64  122]
 [  18   32  253 1741   50]
 [  53  107  987   41    0]]
iteration 23

avarage loss in epoch: 0.9101220457445339 
Accuracy: 0.7259014360987706
Confusion Matrix:
[[ 968   30  148   31   91]
 [   6 2493  555   30   65]
 [  28   55 1813   54  142]
 [  21   27  230 1752   64]
 [  49  103  896   28    0]]
iteration 24

avarage loss in epoch: 0.9100234715401166 
Accuracy: 0.7184237461617196
Confusion Matrix:
[[ 974   31  142   34   87]
 [   7 2492  558   32   60]
 [  30   49 1825   62  126]
 [  23   25  262 1728   56]
 [  49  120  960   38    0]]
iteration 25

avarage loss in epoch: 0.9098985250727515 
Accuracy: 0.728335056876939
Confusion Matrix:
[[ 970   26  135   41   96]
 [   8 2497  503   50   91]
 [  26   48 1801   78  139]
 [  21   26  212 1775   60]
 [  47  109  845   66    0]]
iteration 26

avarage loss in epoch: 0.9097155574881077 
Accuracy: 0.7183589743589743
Confusion Matrix:
[[ 958   34  145   34   97]
 [   9 2477  562   43   58]
 [  32   45 1824   64  127]
 [  26   29  229 1745   65]
 [  39  108  941   59    0]]
iteration 27

avarage loss in epoch: 0.9095972382591566 
Accuracy: 0.7277503090234858
Confusion Matrix:
[[ 968   35  135   34   96]
 [  14 2512  525   39   59]
 [  34   48 1806   72  132]
 [  20   22  221 1779   52]
 [  31  121  898   55    0]]
iteration 28

avarage loss in epoch: 0.9094907371963896 
Accuracy: 0.7213606286186931
Confusion Matrix:
[[ 964   33  137   30  104]
 [  14 2497  521   31   86]
 [  34   52 1800   64  142]
 [  24   23  264 1716   67]
 [  33  130  853   53    0]]
iteration 29

avarage loss in epoch: 0.9093509905218574 
Accuracy: 0.7311805627660679
Confusion Matrix:
[[ 967   42  124   32  103]
 [  10 2543  482   27   87]
 [  37   55 1768   71  161]
 [  24   42  196 1764   68]
 [  39  129  808   52    0]]
iteration 30

avarage loss in epoch: 0.9092685033621296 
Accuracy: 0.7281321421151049
Confusion Matrix:
[[ 968   42  128   31   99]
 [  10 2475  530   42   92]
 [  41   37 1784   76  154]
 [  22   24  201 1782   65]
 [  43   95  812   73    0]]
iteration 31

avarage loss in epoch: 0.909161759927652 
Accuracy: 0.7214432989690721
Confusion Matrix:
[[ 970   35  144   31   88]
 [  11 2486  543   44   65]
 [  31   39 1822   63  137]
 [  32   30  256 1720   56]
 [  36  102  901   58    0]]
iteration 32

avarage loss in epoch: 0.9090852146974364 
Accuracy: 0.7204069050554871
Confusion Matrix:
[[ 948   34  162   34   90]
 [   9 2501  530   46   63]
 [  32   45 1821   67  127]
 [  16   33  250 1741   54]
 [  31  120  905   73    0]]
iteration 33

avarage loss in epoch: 0.9089832161208674 
Accuracy: 0.7148768880612456
Confusion Matrix:
[[ 970   28  142   31   97]
 [   9 2381  635   39   85]
 [  49   33 1807   69  134]
 [  20   23  245 1752   54]
 [  35   59  917   52    0]]
iteration 34

avarage loss in epoch: 0.9088706204109156 
Accuracy: 0.7261166253101737
Confusion Matrix:
[[ 967   35  135   33   98]
 [   8 2485  551   32   73]
 [  38   42 1804   70  138]
 [  21   31  209 1767   66]
 [  37   89  883   60    0]]
loss list: [1.0232722039758255, 0.961194541827998, 0.9423719317107885, 0.932909872318198, 0.9268665941373556, 0.9230541395186334, 0.9202088986635768, 0.9184039442747687, 0.9169321956534574, 0.9159096190389773, 0.9149615494704817, 0.9144579115820923, 0.9134954953816469, 0.9130546346099355, 0.9126285558833626, 0.9122747456581776, 0.9119923982134676, 0.911616502709928, 0.911294286535992, 0.9110105541620235, 0.9106596402582682, 0.9104598956862917, 0.9103172317592448, 0.9101220457445339, 0.9100234715401166, 0.9098985250727515, 0.9097155574881077, 0.9095972382591566, 0.9094907371963896, 0.9093509905218574, 0.9092685033621296, 0.909161759927652, 0.9090852146974364, 0.9089832161208674, 0.9088706204109156]
accuracy list: [0.5600430802369413, 0.654202654307984, 0.6832523016447709, 0.6918129848917925, 0.7022340099969397, 0.7112375533428165, 0.7360893621463618, 0.7302522746071133, 0.7390898724992225, 0.7364542246211335, 0.7425578259516648, 0.7448766206608114, 0.731992952637579, 0.7359468989836133, 0.7233173322438975, 0.7203528929011079, 0.7136437908496732, 0.7122993558940803, 0.7174851037600164, 0.7114402451481103, 0.7290170326287708, 0.714227351649474, 0.7155551016239403, 0.7259014360987706, 0.7184237461617196, 0.728335056876939, 0.7183589743589743, 0.7277503090234858, 0.7213606286186931, 0.7311805627660679, 0.7281321421151049, 0.7214432989690721, 0.7204069050554871, 0.7148768880612456, 0.7261166253101737]
