iteration 0

avarage loss in epoch: 1.0415345737953878 
Accuracy: 0.3966268289958673
Confusion Matrix:
[[  16   97   71  914  170]
 [  18  987  120  740  229]
 [   7  118 1783 1122  119]
 [   5   68  168    0  109]
 [   5  135  187 1000  765]]
iteration 1

avarage loss in epoch: 0.9802067663847477 
Accuracy: 0.5571877102489348
Confusion Matrix:
[[ 252  162   82  619  153]
 [  70 1348  118  372  186]
 [  15   74 2286  681   93]
 [  44   49  119    0  103]
 [  79  148  174  608 1083]]
iteration 2

avarage loss in epoch: 0.9539994638178357 
Accuracy: 0.6343487156171858
Confusion Matrix:
[[ 632   89   53  430   64]
 [  50 1477   95  378   94]
 [  16   47 2303  732   51]
 [  17   18   84    0   76]
 [  65  117  147  594 1169]]
iteration 3

avarage loss in epoch: 0.9396568979434559 
Accuracy: 0.6841163310961969
Confusion Matrix:
[[ 778   71   31  324   64]
 [  55 1549   94  264  132]
 [  10   61 2450  538   90]
 [  39   69   96    0  133]
 [  45  127  130  451 1339]]
iteration 4

avarage loss in epoch: 0.9320572713777789 
Accuracy: 0.7073940486925158
Confusion Matrix:
[[ 830   48   29  317   44]
 [  46 1591   73  264  120]
 [   9   47 2467  573   53]
 [  35   55   75    0  104]
 [  55  101  106  442 1388]]
iteration 5

avarage loss in epoch: 0.9268783703947522 
Accuracy: 0.7146374216651745
Confusion Matrix:
[[ 861   39   25  301   42]
 [  49 1579   91  246  129]
 [  10   49 2487  524   79]
 [  36   48  103    0  146]
 [  54   92   91  396 1459]]
iteration 6

avarage loss in epoch: 0.9236036542154489 
Accuracy: 0.728037697744867
Confusion Matrix:
[[ 866   44   27  292   39]
 [  31 1704   49  226   84]
 [   8   76 2445  556   64]
 [  29   97   89    0   95]
 [  42  111   76  389 1474]]
iteration 7

avarage loss in epoch: 0.9211550608181756 
Accuracy: 0.7367726322736773
Confusion Matrix:
[[ 904   32   31  253   48]
 [  27 1723   49  202   93]
 [  10   56 2564  450   69]
 [  63   88  157    0  180]
 [  49  106   88  342 1507]]
iteration 8

avarage loss in epoch: 0.9192378136187899 
Accuracy: 0.7316833842128216
Confusion Matrix:
[[ 895   33   35  259   46]
 [  32 1676   50  196  140]
 [   8   53 2585  416   87]
 [  51  111  190    0  217]
 [  50   97   84  306 1555]]
iteration 9

avarage loss in epoch: 0.9179797738198475 
Accuracy: 0.7235678180286437
Confusion Matrix:
[[ 907   32   37  223   69]
 [  18 1707   50  178  141]
 [   5   45 2657  342  100]
 [  51   92  238    0  512]
 [  46   82   91  273 1600]]
iteration 10

avarage loss in epoch: 0.9168842237133311 
Accuracy: 0.7153702163061564
Confusion Matrix:
[[ 931   35   33  216   53]
 [  31 1753   44  160  106]
 [  10   69 2601  356  113]
 [  47  190  285    0  491]
 [  52   89   82  275 1594]]
iteration 11

avarage loss in epoch: 0.9157341494631845 
Accuracy: 0.717540343845586
Confusion Matrix:
[[ 928   28   33  228   51]
 [  20 1712   62  189  111]
 [  10   58 2572  409  100]
 [  53  107  192    0  526]
 [  42   73   76  310 1591]]
iteration 12

avarage loss in epoch: 0.914899480272007 
Accuracy: 0.7155252556554075
Confusion Matrix:
[[ 932   37   37  192   70]
 [  20 1725   61  171  117]
 [   9   44 2676  327   93]
 [  67  123  258    0  630]
 [  51   94   82  271 1594]]
iteration 13

avarage loss in epoch: 0.9142456870487033 
Accuracy: 0.7141249872148921
Confusion Matrix:
[[ 954   29   34  182   69]
 [  42 1745   55  143  109]
 [   9   65 2672  281  122]
 [ 131  148  250    0  645]
 [  52   99   89  241 1611]]
iteration 14

avarage loss in epoch: 0.9138345965361271 
Accuracy: 0.719841518089876
Confusion Matrix:
[[ 943   23   32  206   64]
 [  46 1737   42  161  108]
 [  10   60 2632  317  130]
 [ 117   99  152    0  620]
 [  59  100   73  268 1592]]
iteration 15

avarage loss in epoch: 0.9133221012091909 
Accuracy: 0.7344794651384909
Confusion Matrix:
[[ 950   36   29  194   59]
 [  19 1762   44  163  106]
 [  10   47 2620  365  107]
 [ 106   76  175    0  463]
 [  47   87   84  285 1589]]
iteration 16

avarage loss in epoch: 0.9128628186770826 
Accuracy: 0.7214352186950678
Confusion Matrix:
[[ 966   25   36  172   69]
 [  37 1730   65  152  110]
 [  11   44 2657  300  137]
 [ 109   68  215    0  676]
 [  34   83   93  258 1624]]
iteration 17

avarage loss in epoch: 0.9124233554026041 
Accuracy: 0.7227517612929962
Confusion Matrix:
[[ 985   24   34  170   55]
 [  41 1735   53  151  114]
 [  13   44 2640  317  135]
 [ 148   94  221    0  586]
 [  56   84   89  247 1616]]
iteration 18

avarage loss in epoch: 0.91193574882348 
Accuracy: 0.7311873350923482
Confusion Matrix:
[[ 988   27   28  185   40]
 [  36 1748   46  168   96]
 [  15   43 2614  380   97]
 [ 196   77  212    0  387]
 [  70   80   87  277 1578]]
iteration 19

avarage loss in epoch: 0.9116270691133079 
Accuracy: 0.7310070208529812
Confusion Matrix:
[[1001   29   24  167   47]
 [  34 1753   48  164   95]
 [  11   49 2618  382   89]
 [ 208   67  256    0  409]
 [  61   83   78  266 1604]]
iteration 20

avarage loss in epoch: 0.9113744085483589 
Accuracy: 0.7328228259729361
Confusion Matrix:
[[ 966   22   31  190   59]
 [  40 1722   60  163  109]
 [  15   40 2672  313  109]
 [ 117   62  220    0  531]
 [  53   79   79  255 1626]]
iteration 21

avarage loss in epoch: 0.9111382562510382 
Accuracy: 0.7319479429051218
Confusion Matrix:
[[ 975   26   32  183   52]
 [  35 1748   49  153  109]
 [   8   43 2649  322  127]
 [ 147   71  233    0  474]
 [  61   79   87  263 1602]]
iteration 22

avarage loss in epoch: 0.9107999443802758 
Accuracy: 0.7173754809192056
Confusion Matrix:
[[ 966   32   31  171   68]
 [  20 1746   71  158   99]
 [  14   53 2590  346  146]
 [  95   99  217    0  603]
 [  53   94   89  259 1597]]
iteration 23

avarage loss in epoch: 0.9106376524469801 
Accuracy: 0.7250626043405676
Confusion Matrix:
[[ 971   23   34  170   70]
 [  25 1769   46  149  105]
 [  10   56 2602  344  137]
 [  96   71  205    0  609]
 [  50   90   71  274 1607]]
iteration 24

avarage loss in epoch: 0.9103682191275327 
Accuracy: 0.7249712313003452
Confusion Matrix:
[[ 980   34   35  160   59]
 [  29 1745   67  148  105]
 [   7   49 2602  384  107]
 [ 100   84  209    0  563]
 [  52   84   86  267 1603]]
iteration 25

avarage loss in epoch: 0.9103024209979628 
Accuracy: 0.7346295323173936
Confusion Matrix:
[[ 991   34   40  144   59]
 [  39 1754   67  146   88]
 [   8   62 2644  318  117]
 [  94  139  205    0  474]
 [  52   94   83  262 1601]]
iteration 26

avarage loss in epoch: 0.9101366710442809 
Accuracy: 0.7353314975640755
Confusion Matrix:
[[ 981   33   42  164   48]
 [  44 1723   75  148  104]
 [  14   42 2633  312  148]
 [ 109   88  269    0  373]
 [  52   78   87  269 1606]]
iteration 27

avarage loss in epoch: 0.9100347453116178 
Accuracy: 0.7358390119250426
Confusion Matrix:
[[ 979   27   36  173   53]
 [  32 1746   59  162   95]
 [   8   55 2581  353  152]
 [  98   77  218    0  396]
 [  53   76   85  273 1605]]
iteration 28

avarage loss in epoch: 0.9097940378227872 
Accuracy: 0.7268920757877106
Confusion Matrix:
[[ 998   30   32  152   56]
 [  31 1763   48  152  100]
 [  15   56 2561  332  185]
 [ 114  113  213    0  510]
 [  57   93   69  251 1622]]
iteration 29

avarage loss in epoch: 0.9096988742011787 
Accuracy: 0.7284977366038531
Confusion Matrix:
[[ 981   36   34  159   58]
 [  35 1759   63  151   86]
 [  12   56 2580  367  134]
 [  91  142  197    0  466]
 [  45   95   81  271 1600]]
iteration 30

avarage loss in epoch: 0.9095127617233183 
Accuracy: 0.7150471504715047
Confusion Matrix:
[[1009   31   37  146   45]
 [  38 1788   60  127   81]
 [  16   67 2570  308  188]
 [ 131  206  276    0  540]
 [  66  112   78  227 1609]]
iteration 31

avarage loss in epoch: 0.9094731553831925 
Accuracy: 0.7087844739530132
Confusion Matrix:
[[ 964   32   35  169   68]
 [  17 1761   66  126  124]
 [  11   52 2547  323  216]
 [  68  104  217    0  798]
 [  50   81   72  222 1667]]
iteration 32

avarage loss in epoch: 0.909376602347759 
Accuracy: 0.7193946304550638
Confusion Matrix:
[[1006   25   33  150   54]
 [  36 1763   55  137  103]
 [  17   54 2527  352  199]
 [ 107  109  203    0  625]
 [  63   78   66  241 1644]]
iteration 33

avarage loss in epoch: 0.9092949776885917 
Accuracy: 0.7265288996118745
Confusion Matrix:
[[ 999   29   35  160   45]
 [  43 1761   60  137   93]
 [  17   51 2536  359  186]
 [ 103   81  213    0  533]
 [  60   77   72  253 1630]]
iteration 34

avarage loss in epoch: 0.9092706262030438 
Accuracy: 0.7202405640812941
Confusion Matrix:
[[ 986   31   33  162   56]
 [  32 1774   63  115  110]
 [  17   54 2551  311  216]
 [ 126  105  210    0  600]
 [  54   80   95  228 1635]]
loss list: [1.0415345737953878, 0.9802067663847477, 0.9539994638178357, 0.9396568979434559, 0.9320572713777789, 0.9268783703947522, 0.9236036542154489, 0.9211550608181756, 0.9192378136187899, 0.9179797738198475, 0.9168842237133311, 0.9157341494631845, 0.914899480272007, 0.9142456870487033, 0.9138345965361271, 0.9133221012091909, 0.9128628186770826, 0.9124233554026041, 0.91193574882348, 0.9116270691133079, 0.9113744085483589, 0.9111382562510382, 0.9107999443802758, 0.9106376524469801, 0.9103682191275327, 0.9103024209979628, 0.9101366710442809, 0.9100347453116178, 0.9097940378227872, 0.9096988742011787, 0.9095127617233183, 0.9094731553831925, 0.909376602347759, 0.9092949776885917, 0.9092706262030438]
accuracy list: [0.3966268289958673, 0.5571877102489348, 0.6343487156171858, 0.6841163310961969, 0.7073940486925158, 0.7146374216651745, 0.728037697744867, 0.7367726322736773, 0.7316833842128216, 0.7235678180286437, 0.7153702163061564, 0.717540343845586, 0.7155252556554075, 0.7141249872148921, 0.719841518089876, 0.7344794651384909, 0.7214352186950678, 0.7227517612929962, 0.7311873350923482, 0.7310070208529812, 0.7328228259729361, 0.7319479429051218, 0.7173754809192056, 0.7250626043405676, 0.7249712313003452, 0.7346295323173936, 0.7353314975640755, 0.7358390119250426, 0.7268920757877106, 0.7284977366038531, 0.7150471504715047, 0.7087844739530132, 0.7193946304550638, 0.7265288996118745, 0.7202405640812941]
