iteration 0

avarage loss in epoch: 1.050913872288708 
Accuracy: 0.26293721725697894
Confusion Matrix:
[[ 901   94    0   28 1071]
 [  98 1400    0   15 1636]
 [  98   52    0   10 1108]
 [ 207  218    0   82 1585]
 [ 111  336    0   13    0]]
iteration 1

avarage loss in epoch: 1.0083771321113348 
Accuracy: 0.41738749589401075
Confusion Matrix:
[[1202   80    0  200  612]
 [  79 1750    0  224 1096]
 [ 173   62    0  173  860]
 [ 145  139    0  860  948]
 [  88  148    0  294    0]]
iteration 2

avarage loss in epoch: 0.9811587946549674 
Accuracy: 0.4911300919842313
Confusion Matrix:
[[1264   97    0  239  494]
 [  30 2026    0  296  797]
 [ 124  125    0  218  801]
 [  63  131    0 1195  703]
 [  30  169    0  330    0]]
iteration 3

avarage loss in epoch: 0.9640060345751621 
Accuracy: 0.5674428586758236
Confusion Matrix:
[[1381   79  104  223  307]
 [  35 2158   43  323  590]
 [  89   79  373  176  551]
 [  59  114   56 1376  487]
 [  40  127  156  393    0]]
iteration 4

avarage loss in epoch: 0.9500705684270856 
Accuracy: 0.5875528569879649
Confusion Matrix:
[[1381   50  122  250  291]
 [  44 2022   40  543  500]
 [  60   42  562  154  450]
 [  75   70   87 1454  406]
 [  23   88   94  415    0]]
iteration 5

avarage loss in epoch: 0.9412770453786529 
Accuracy: 0.6215658594852861
Confusion Matrix:
[[1457   53  112  198  274]
 [  21 2104   58  424  542]
 [  47   39  676  123  383]
 [  75   73   96 1487  361]
 [  16   74  169  347    0]]
iteration 6

avarage loss in epoch: 0.9351090727578134 
Accuracy: 0.6326114922813036
Confusion Matrix:
[[1502   44  137  186  225]
 [  21 2116   85  409  518]
 [  42   35  762  114  315]
 [  71   58  119 1521  323]
 [  14   82  296  333    0]]
iteration 7

avarage loss in epoch: 0.9306189983144886 
Accuracy: 0.6297890206780729
Confusion Matrix:
[[1528   45  153  168  200]
 [  25 2087  220  405  412]
 [  40   36  829  107  256]
 [  65   54  126 1556  291]
 [  13   70  561  280    0]]
iteration 8

avarage loss in epoch: 0.9273325431366091 
Accuracy: 0.6239497924891183
Confusion Matrix:
[[1535   32  145  220  162]
 [  28 2092  137  629  263]
 [  29   32  878  106  223]
 [  51   42  114 1659  226]
 [  12   72  588  604    0]]
iteration 9

avarage loss in epoch: 0.9246080154062047 
Accuracy: 0.6343071616960844
Confusion Matrix:
[[1598   40  132  191  133]
 [  28 2125  111  646  239]
 [  41   31  873  114  209]
 [  62   51  122 1657  200]
 [  18   68  530  639    0]]
iteration 10

avarage loss in epoch: 0.9227914526394948 
Accuracy: 0.6334541062801933
Confusion Matrix:
[[1604   28  132  206  124]
 [  23 2077   87  730  232]
 [  31   22  896  124  195]
 [  48   41   92 1717  194]
 [  15   48  521  749    0]]
iteration 11

avarage loss in epoch: 0.9210838860086236 
Accuracy: 0.6168408597909683
Confusion Matrix:
[[1584   37  107  269   97]
 [  22 2060   54  777  236]
 [  30   21  888  141  188]
 [  53   37   91 1724  187]
 [  14   51  489  985    0]]
iteration 12

avarage loss in epoch: 0.9196396018641214 
Accuracy: 0.6274256144890039
Confusion Matrix:
[[1640   31  122  211   90]
 [  30 2066   89  753  211]
 [  37   28  897  131  175]
 [  54   45  100 1702  191]
 [  19   47  432  948    0]]
iteration 13

avarage loss in epoch: 0.9187090441894603 
Accuracy: 0.6204572098475967
Confusion Matrix:
[[1638   23  111  239   83]
 [  35 2061   82  761  210]
 [  41   15  920  129  163]
 [  53   32   96 1732  179]
 [  19   53  573  988    0]]
iteration 14

avarage loss in epoch: 0.9177419145232544 
Accuracy: 0.6093366093366094
Confusion Matrix:
[[1624   30  133  240   67]
 [  21 2113  105  760  150]
 [  30   21  963  124  130]
 [  50   29  106 1748  159]
 [  22   56  843 1058    0]]
iteration 15

avarage loss in epoch: 0.9169907720312916 
Accuracy: 0.6335140463282405
Confusion Matrix:
[[1616   27  106  273   72]
 [  21 2108   71  745  204]
 [  34   17  939  120  158]
 [  49   30   72 1764  177]
 [  18   45  438 1041    0]]
iteration 16

avarage loss in epoch: 0.9164885326938501 
Accuracy: 0.6141346153846153
Confusion Matrix:
[[1630   20  125  250   69]
 [  32 2040   92  832  153]
 [  26   20  972  107  143]
 [  61   24   97 1745  165]
 [  25   45  668 1059    0]]
iteration 17

avarage loss in epoch: 0.9159375976171334 
Accuracy: 0.615901670827732
Confusion Matrix:
[[1581   25   84  339   65]
 [  19 2092   74  828  136]
 [  31   22  946  122  147]
 [  38   32   57 1795  170]
 [  23   73  556 1159    0]]
iteration 18

avarage loss in epoch: 0.915446942395011 
Accuracy: 0.6240456170870784
Confusion Matrix:
[[1604   22  127  256   85]
 [  22 2127  106  746  148]
 [  24   10  965  113  156]
 [  46   35   79 1761  171]
 [  20   51  634 1039    0]]
iteration 19

avarage loss in epoch: 0.9149928749913132 
Accuracy: 0.6141196484264247
Confusion Matrix:
[[1649   17  105  256   67]
 [  29 2115  127  752  126]
 [  30   16  974  115  133]
 [  58   29   96 1760  149]
 [  35   59  736 1148    0]]
iteration 20

avarage loss in epoch: 0.9145598360575589 
Accuracy: 0.6104176442984515
Confusion Matrix:
[[1637   25  127  250   55]
 [  28 2103  148  741  129]
 [  24   15  995  114  120]
 [  51   30   97 1769  145]
 [  33   53  796 1170    0]]
iteration 21

avarage loss in epoch: 0.9141819651919804 
Accuracy: 0.6188804554079697
Confusion Matrix:
[[1664   21   97  237   75]
 [  25 2119  127  735  143]
 [  27   23  977  120  121]
 [  57   35   80 1763  157]
 [  34   51  700 1152    0]]
iteration 22

avarage loss in epoch: 0.9136123560586751 
Accuracy: 0.6089012517385257
Confusion Matrix:
[[1711   19   90  222   52]
 [  32 2104   85  801  127]
 [  34    8  975  141  110]
 [  66   29   86 1777  134]
 [  44   42  641 1455    0]]
iteration 23

avarage loss in epoch: 0.9131413536109436 
Accuracy: 0.614479215319944
Confusion Matrix:
[[1703   18   82  231   60]
 [  40 2116   97  789  107]
 [  29   21  985  137   96]
 [  61   27   84 1774  146]
 [  47   51  599 1405    0]]
iteration 24

avarage loss in epoch: 0.9128206134906128 
Accuracy: 0.6100658077671702
Confusion Matrix:
[[1705   23   84  223   59]
 [  44 2108   98  790  109]
 [  24   17 1000  120  107]
 [  65   31   91 1769  136]
 [  46   51  678 1411    0]]
iteration 25

avarage loss in epoch: 0.9125287182221568 
Accuracy: 0.6272503316278188
Confusion Matrix:
[[1693   22   66  243   70]
 [  45 2173   61  721  149]
 [  33   17  979  121  118]
 [  59   30   70 1775  158]
 [  45   51  490 1365    0]]
iteration 26

avarage loss in epoch: 0.9123155947868323 
Accuracy: 0.6148975791433892
Confusion Matrix:
[[1666   17   97  266   48]
 [  29 2136   76  788  120]
 [  29   19 1007  111  102]
 [  45   30   93 1795  129]
 [  40   44  736 1317    0]]
iteration 27

avarage loss in epoch: 0.9120755708514667 
Accuracy: 0.6134602819004947
Confusion Matrix:
[[1695   16   88  247   48]
 [  43 2097   78  820  111]
 [  20    9  996  131  112]
 [  57   27   94 1784  130]
 [  55   35  628 1392    0]]
iteration 28

avarage loss in epoch: 0.9118653119031701 
Accuracy: 0.6021456079222446
Confusion Matrix:
[[1671   22  103  265   33]
 [  60 2090  107  790  102]
 [  22    9 1006  117  114]
 [  57   26   86 1800  123]
 [  60   40  721 1482    0]]
iteration 29

avarage loss in epoch: 0.9116448137395512 
Accuracy: 0.6061825498445217
Confusion Matrix:
[[1682   22   89  264   37]
 [  59 2133   95  779   83]
 [  29   19 1009  112   99]
 [  56   27   88 1804  117]
 [ 103   46  762 1420    0]]
iteration 30

avarage loss in epoch: 0.9113850683981414 
Accuracy: 0.597976330291806
Confusion Matrix:
[[1696   16  112  239   31]
 [  70 2110  150  732   87]
 [  29   20 1028  103   88]
 [  60   29  109 1785  109]
 [ 119   41  967 1339    0]]
iteration 31

avarage loss in epoch: 0.9111427025438794 
Accuracy: 0.6220033451031407
Confusion Matrix:
[[1724   23  104  209   34]
 [  80 2186  129  666   88]
 [  33   26 1021   94   94]
 [  80   32   95 1763  122]
 [ 254   50  776 1079    0]]
iteration 32

avarage loss in epoch: 0.9108826382224092 
Accuracy: 0.6138083810227063
Confusion Matrix:
[[1687   19   88  262   38]
 [  59 2175  120  702   93]
 [  30   13 1007  119   99]
 [  71   32   89 1781  119]
 [ 164   45  717 1305    0]]
iteration 33

avarage loss in epoch: 0.910662613209098 
Accuracy: 0.6114175399889685
Confusion Matrix:
[[1669   30  113  254   28]
 [  53 2169  141  712   74]
 [  23   14 1031  111   89]
 [  63   31   95 1782  121]
 [ 115   44  832 1284    0]]
iteration 34

avarage loss in epoch: 0.9104763811891157 
Accuracy: 0.6044315292408282
Confusion Matrix:
[[1727   21   83  232   31]
 [  77 2139  134  719   80]
 [  42   15 1006  123   82]
 [  80   30   83 1784  115]
 [ 254   43  723 1389    0]]
loss list: [1.050913872288708, 1.0083771321113348, 0.9811587946549674, 0.9640060345751621, 0.9500705684270856, 0.9412770453786529, 0.9351090727578134, 0.9306189983144886, 0.9273325431366091, 0.9246080154062047, 0.9227914526394948, 0.9210838860086236, 0.9196396018641214, 0.9187090441894603, 0.9177419145232544, 0.9169907720312916, 0.9164885326938501, 0.9159375976171334, 0.915446942395011, 0.9149928749913132, 0.9145598360575589, 0.9141819651919804, 0.9136123560586751, 0.9131413536109436, 0.9128206134906128, 0.9125287182221568, 0.9123155947868323, 0.9120755708514667, 0.9118653119031701, 0.9116448137395512, 0.9113850683981414, 0.9111427025438794, 0.9108826382224092, 0.910662613209098, 0.9104763811891157]
accuracy list: [0.26293721725697894, 0.41738749589401075, 0.4911300919842313, 0.5674428586758236, 0.5875528569879649, 0.6215658594852861, 0.6326114922813036, 0.6297890206780729, 0.6239497924891183, 0.6343071616960844, 0.6334541062801933, 0.6168408597909683, 0.6274256144890039, 0.6204572098475967, 0.6093366093366094, 0.6335140463282405, 0.6141346153846153, 0.615901670827732, 0.6240456170870784, 0.6141196484264247, 0.6104176442984515, 0.6188804554079697, 0.6089012517385257, 0.614479215319944, 0.6100658077671702, 0.6272503316278188, 0.6148975791433892, 0.6134602819004947, 0.6021456079222446, 0.6061825498445217, 0.597976330291806, 0.6220033451031407, 0.6138083810227063, 0.6114175399889685, 0.6044315292408282]
