iteration 0

avarage loss in epoch: 1.047126109825215 
Accuracy: 0.29855958096900914
Confusion Matrix:
[[ 847  113    7   56 1071]
 [  94 1322    4   63 1666]
 [  65   43   42   42 1076]
 [ 101  165    1  525 1300]
 [ 107  343    4  107    0]]
iteration 1

avarage loss in epoch: 1.0030833266959889 
Accuracy: 0.47477487251817296
Confusion Matrix:
[[1325   93   31   57  588]
 [ 154 1924   25   64  982]
 [ 102   78  314   33  741]
 [ 173  172   51  813  883]
 [ 183  303   46   82    0]]
iteration 2

avarage loss in epoch: 0.9744963059243616 
Accuracy: 0.5685593312343936
Confusion Matrix:
[[1405  111   41   92  445]
 [  98 2330   17   35  669]
 [  68   71  437   61  631]
 [ 119  180   37 1065  691]
 [  88  384   31  105    0]]
iteration 3

avarage loss in epoch: 0.9581583337549001 
Accuracy: 0.6100470957613815
Confusion Matrix:
[[1497  112   37  105  343]
 [  71 2619   14   45  400]
 [  72   88  533   42  533]
 [ 124  223   46 1180  519]
 [ 112  684   38  118    0]]
iteration 4

avarage loss in epoch: 0.9471854375858998 
Accuracy: 0.6429785425961334
Confusion Matrix:
[[1589   93   52   85  275]
 [ 107 2597   18   39  388]
 [  85   76  592   66  449]
 [ 135  195   45 1275  442]
 [ 200  443   32  136    0]]
iteration 5

avarage loss in epoch: 0.9397795214821832 
Accuracy: 0.6655110830969639
Confusion Matrix:
[[1646   78   36  121  213]
 [ 138 2652   12   41  306]
 [  81   82  675   56  374]
 [ 133  171   39 1362  387]
 [ 241  474   32  169    0]]
iteration 6

avarage loss in epoch: 0.9340721236033502 
Accuracy: 0.6900349465212327
Confusion Matrix:
[[1712   69   26   99  188]
 [ 151 2660   10   44  284]
 [  83   75  710   47  353]
 [ 123  136   31 1434  368]
 [ 209  455   30  146    0]]
iteration 7

avarage loss in epoch: 0.9299941792099902 
Accuracy: 0.6899481865284974
Confusion Matrix:
[[1729   78   26  113  148]
 [ 146 2688   12   76  227]
 [  88   80  760   64  276]
 [ 137  131   31 1481  312]
 [ 302  477   31  237    0]]
iteration 8

avarage loss in epoch: 0.9268636760669757 
Accuracy: 0.7053330566507574
Confusion Matrix:
[[1719   81   24  109  161]
 [  97 2763   10   66  213]
 [  89   76  788   48  267]
 [ 107  145   40 1528  272]
 [ 260  524   35  216    0]]
iteration 9

avarage loss in epoch: 0.9243946376040038 
Accuracy: 0.69293891196434
Confusion Matrix:
[[1760   67   34  108  125]
 [ 178 2693   13  104  161]
 [  97   58  804   64  245]
 [ 117  116   44 1583  232]
 [ 425  481   53  309    0]]
iteration 10

avarage loss in epoch: 0.922505749345543 
Accuracy: 0.7095618345618345
Confusion Matrix:
[[1737   91   40   93  133]
 [ 109 2799   18   56  167]
 [  74   66  831   58  239]
 [ 104  140   37 1564  247]
 [ 284  519   55  307    0]]
iteration 11

avarage loss in epoch: 0.9210582896187137 
Accuracy: 0.7039959534648458
Confusion Matrix:
[[1782   66   39   89  118]
 [ 123 2771   21   59  175]
 [  75   63  836   55  239]
 [ 119  133   34 1570  236]
 [ 347  560   52  323    0]]
iteration 12

avarage loss in epoch: 0.9198855835523241 
Accuracy: 0.6867906066536204
Confusion Matrix:
[[1793   66   37  107   91]
 [ 151 2776   21   70  131]
 [  92   66  851   65  194]
 [ 117  126   49 1599  201]
 [ 511  614   85  407    0]]
iteration 13

avarage loss in epoch: 0.9187162927901315 
Accuracy: 0.6770714012982054
Confusion Matrix:
[[1808   71   36  102   77]
 [ 132 2823   22   71  101]
 [  93   69  846   87  173]
 [ 133  119   38 1616  186]
 [ 599  712   83  479    0]]
iteration 14

avarage loss in epoch: 0.9180126086808466 
Accuracy: 0.6797920477519976
Confusion Matrix:
[[1822   64   30  101   77]
 [ 156 2769   15   99  110]
 [  98   65  861   83  161]
 [ 143  119   47 1609  174]
 [ 568  663   75  478    0]]
iteration 15

avarage loss in epoch: 0.9173059925107144 
Accuracy: 0.6808531359563693
Confusion Matrix:
[[1812   58   30  119   75]
 [ 175 2652   20  198  104]
 [  84   57  860  102  165]
 [ 121   88   36 1667  180]
 [ 435  533   51  646    0]]
iteration 16

avarage loss in epoch: 0.9167850216257922 
Accuracy: 0.6906637778215482
Confusion Matrix:
[[1781   65   39  133   76]
 [ 158 2714   15  144  118]
 [  69   48  880   88  183]
 [ 111  108   29 1638  206]
 [ 339  534   52  626    0]]
iteration 17

avarage loss in epoch: 0.9162898275548574 
Accuracy: 0.6826987951807229
Confusion Matrix:
[[1797   65   32  127   73]
 [ 138 2758   14  145   94]
 [  77   67  868  101  155]
 [ 106  113   35 1660  178]
 [ 389  562   44  777    0]]
iteration 18

avarage loss in epoch: 0.9157499574467005 
Accuracy: 0.6884596813133752
Confusion Matrix:
[[1815   54   40  116   69]
 [ 151 2791   19   98   90]
 [  83   65  876   81  163]
 [ 112  127   38 1647  168]
 [ 497  584   64  607    0]]
iteration 19

avarage loss in epoch: 0.9152449412089785 
Accuracy: 0.6840099104250048
Confusion Matrix:
[[1804   78   40  109   63]
 [ 130 2818   13  104   84]
 [  81   67  887   81  152]
 [ 105  122   39 1669  157]
 [ 476  676   60  679    0]]
iteration 20

avarage loss in epoch: 0.9148896327488097 
Accuracy: 0.6851780926847951
Confusion Matrix:
[[1838   63   45   90   58]
 [ 162 2789   20   99   79]
 [  98   60  891   73  146]
 [ 134  117   48 1638  155]
 [ 547  582   86  626    0]]
iteration 21

avarage loss in epoch: 0.9145154166215091 
Accuracy: 0.684603600153198
Confusion Matrix:
[[1819   46   42  127   60]
 [ 151 2756   22  140   80]
 [  78   62  895   87  146]
 [ 115  105   43 1680  149]
 [ 511  514   76  740    0]]
iteration 22

avarage loss in epoch: 0.9142128309803655 
Accuracy: 0.6860287081339713
Confusion Matrix:
[[1796   58   47  135   58]
 [ 131 2805   19  117   77]
 [  77   67  904   82  138]
 [ 120  112   41 1664  155]
 [ 519  518   89  721    0]]
iteration 23

avarage loss in epoch: 0.9136981620219231 
Accuracy: 0.6871011409785341
Confusion Matrix:
[[1759   53   33  185   64]
 [ 111 2737   16  188   97]
 [  70   53  910  102  133]
 [  93  101   37 1700  161]
 [ 352  429   71  887    0]]
iteration 24

avarage loss in epoch: 0.9132902208581793 
Accuracy: 0.6813333333333333
Confusion Matrix:
[[1784   61   50  142   57]
 [ 120 2769   25  162   73]
 [  71   60  924   89  124]
 [ 107  118   46 1677  144]
 [ 463  575   97  762    0]]
iteration 25

avarage loss in epoch: 0.9130420838374742 
Accuracy: 0.6907894736842105
Confusion Matrix:
[[1798   48   50  137   61]
 [ 123 2716   28  198   84]
 [  70   50  932   89  127]
 [ 110   94   46 1694  148]
 [ 429  393  110  801    0]]
iteration 26

avarage loss in epoch: 0.9126768411251853 
Accuracy: 0.6952167995333463
Confusion Matrix:
[[1840   42   38  104   70]
 [ 154 2720   24  156   95]
 [  71   49  925   80  143]
 [ 119  100   40 1666  167]
 [ 427  409   62  785    0]]
iteration 27

avarage loss in epoch: 0.9124184299541319 
Accuracy: 0.6953661603946987
Confusion Matrix:
[[1865   38   39   97   55]
 [ 184 2711   29  140   85]
 [  85   56  933   76  118]
 [ 119   99   46 1679  149]
 [ 596  424   83  631    0]]
iteration 28

avarage loss in epoch: 0.9121565300960927 
Accuracy: 0.6967635338711246
Confusion Matrix:
[[1846   47   42  106   53]
 [ 178 2722   30  129   90]
 [  79   59  949   62  119]
 [ 131  105   60 1652  144]
 [ 627  386   93  580    0]]
iteration 29

avarage loss in epoch: 0.9119804394540129 
Accuracy: 0.6911609118014812
Confusion Matrix:
[[1858   44   36  105   51]
 [ 192 2707   24  143   83]
 [  88   56  941   73  110]
 [ 141   90   48 1680  133]
 [ 651  360  114  669    0]]
iteration 30

avarage loss in epoch: 0.9117353764383357 
Accuracy: 0.6936354869816779
Confusion Matrix:
[[1841   43   39  119   52]
 [ 188 2738   26  125   72]
 [  75   62  952   69  110]
 [ 134  101   53 1662  142]
 [ 647  392   86  642    0]]
iteration 31

avarage loss in epoch: 0.9114413073001467 
Accuracy: 0.6924712477046487
Confusion Matrix:
[[1863   34   27  117   53]
 [ 181 2677   30  156  105]
 [  79   51  946   76  116]
 [ 123   91   46 1679  153]
 [ 637  291   71  745    0]]
iteration 32

avarage loss in epoch: 0.911297207848291 
Accuracy: 0.6859738784781374
Confusion Matrix:
[[1888   39   29   96   42]
 [ 200 2729   22  118   80]
 [  90   59  949   65  105]
 [ 142   93   44 1682  131]
 [ 787  352   84  740    0]]
iteration 33

avarage loss in epoch: 0.9111439086398555 
Accuracy: 0.6848507888234177
Confusion Matrix:
[[1843   40   46  123   42]
 [ 202 2707   29  139   72]
 [  74   52  952   86  104]
 [ 124   96   51 1704  117]
 [ 594  346   90  889    0]]
iteration 34

avarage loss in epoch: 0.9109487162548345 
Accuracy: 0.6850860420650096
Confusion Matrix:
[[1876   48   33  100   37]
 [ 212 2682   19  160   76]
 [  90   58  938   87   95]
 [ 136  105   46 1670  135]
 [ 645  422   73  717    0]]
loss list: [1.047126109825215, 1.0030833266959889, 0.9744963059243616, 0.9581583337549001, 0.9471854375858998, 0.9397795214821832, 0.9340721236033502, 0.9299941792099902, 0.9268636760669757, 0.9243946376040038, 0.922505749345543, 0.9210582896187137, 0.9198855835523241, 0.9187162927901315, 0.9180126086808466, 0.9173059925107144, 0.9167850216257922, 0.9162898275548574, 0.9157499574467005, 0.9152449412089785, 0.9148896327488097, 0.9145154166215091, 0.9142128309803655, 0.9136981620219231, 0.9132902208581793, 0.9130420838374742, 0.9126768411251853, 0.9124184299541319, 0.9121565300960927, 0.9119804394540129, 0.9117353764383357, 0.9114413073001467, 0.911297207848291, 0.9111439086398555, 0.9109487162548345]
accuracy list: [0.29855958096900914, 0.47477487251817296, 0.5685593312343936, 0.6100470957613815, 0.6429785425961334, 0.6655110830969639, 0.6900349465212327, 0.6899481865284974, 0.7053330566507574, 0.69293891196434, 0.7095618345618345, 0.7039959534648458, 0.6867906066536204, 0.6770714012982054, 0.6797920477519976, 0.6808531359563693, 0.6906637778215482, 0.6826987951807229, 0.6884596813133752, 0.6840099104250048, 0.6851780926847951, 0.684603600153198, 0.6860287081339713, 0.6871011409785341, 0.6813333333333333, 0.6907894736842105, 0.6952167995333463, 0.6953661603946987, 0.6967635338711246, 0.6911609118014812, 0.6936354869816779, 0.6924712477046487, 0.6859738784781374, 0.6848507888234177, 0.6850860420650096]
