iteration 0

avarage loss in epoch: 3.00605636015619 
Accuracy: 0.9056777130447493
Confusion Matrix:
[[1456    0    0 ...    1    0    0]
 [   1 1188    0 ...    4    0    0]
 [   0    0 2579 ...    0    0    0]
 ...
 [   1    0    1 ... 1458    0    0]
 [   0    0    0 ...    1    0    0]
 [   0    0    0 ...    1    0  433]]
iteration 1

avarage loss in epoch: 2.921089172244884 
Accuracy: 0.9176428824991125
Confusion Matrix:
[[1467    0    0 ...    0    0    0]
 [   0 1189    0 ...    3    0    0]
 [   0    0 2579 ...    0    0    0]
 ...
 [   3    0    0 ... 1468    0    0]
 [   0    0    0 ...    0   58    0]
 [   0    0    0 ...    2    0  433]]
iteration 2

avarage loss in epoch: 2.9122668828447345 
Accuracy: 0.9195431101087933
Confusion Matrix:
[[1468    0    0 ...    0    0    1]
 [   0 1189    0 ...    2    0    0]
 [   0    0 2579 ...    0    0    0]
 ...
 [   0    1    1 ... 1475    0    0]
 [   0    0    0 ...    1   59    0]
 [   0    0    0 ...    5    0  433]]
iteration 3

avarage loss in epoch: 2.9083770099650987 
Accuracy: 0.9223412474681033
Confusion Matrix:
[[1479    1    0 ...    0    0    0]
 [   0 1189    0 ...    3    0    0]
 [   0    0 2579 ...    0    0    0]
 ...
 [   0    0    0 ... 1503    0    0]
 [   0    0    0 ...    9   59    0]
 [   0    0    0 ...    4    0  433]]
iteration 4

avarage loss in epoch: 2.905902393618926 
Accuracy: 0.9206498360792666
Confusion Matrix:
[[1474    1    0 ...    0    0    0]
 [   0 1189    0 ...    4    0    0]
 [   0    0 2577 ...    0    0    0]
 ...
 [   0    0    0 ... 1495    0    0]
 [   0    0    0 ...    3   59    0]
 [   0    0    0 ...    8    0  433]]
iteration 5

avarage loss in epoch: 2.904072950937691 
Accuracy: 0.9220906680030905
Confusion Matrix:
[[1465    0    0 ...    0    0    0]
 [   0 1189    0 ...    3    0    0]
 [   0    0 2579 ...    0    0    0]
 ...
 [   0    0    0 ... 1493    0    0]
 [   0    0    0 ...    4   59    0]
 [   0    0    0 ...   10    0  432]]
iteration 6

avarage loss in epoch: 2.902551860107737 
Accuracy: 0.9229259328864666
Confusion Matrix:
[[1444    0    0 ...    0    0    0]
 [   0 1190    0 ...    3    0    0]
 [   0    0 2579 ...    0    0    0]
 ...
 [   0    0    0 ... 1502    0    0]
 [   0    0    0 ...    4   59    0]
 [   0    0    0 ...    7    0  433]]
iteration 7

avarage loss in epoch: 2.901305743813447 
Accuracy: 0.9248052788740629
Confusion Matrix:
[[1473    0    0 ...    0    0    0]
 [   0 1189    0 ...    3    0    0]
 [   0    0 2579 ...    0    0    0]
 ...
 [   2    0    0 ... 1523    0    0]
 [   0    1    0 ...    6   59    0]
 [   0    0    0 ...    2    0  433]]
iteration 8

avarage loss in epoch: 2.900408987467527 
Accuracy: 0.9249305686065693
Confusion Matrix:
[[1472    0    0 ...    1    0    0]
 [   0 1189    0 ...    3    0    0]
 [   0    0 2578 ...    0    0    0]
 ...
 [   0    0    0 ... 1514    0    0]
 [   0    0    0 ...    0   73    0]
 [   0    0    0 ...    0    0  433]]
iteration 9

avarage loss in epoch: 2.899236140910126 
Accuracy: 0.9252020296936666
Confusion Matrix:
[[1469    0    0 ...    0    0    0]
 [   0 1188    0 ...    3    0    0]
 [   0    0 2579 ...    0    0    0]
 ...
 [   0    0    1 ... 1517    0    0]
 [   0    0    0 ...    0   73    0]
 [   0    1    0 ...    2    0  432]]
iteration 10

avarage loss in epoch: 2.89849792059752 
Accuracy: 0.9249723318507381
Confusion Matrix:
[[1475    0    0 ...    0    0    0]
 [   0 1189    0 ...    3    0    0]
 [   0    0 2579 ...    0    0    0]
 ...
 [   0    0    0 ... 1515    0    0]
 [   0    0    0 ...    0   73    0]
 [   0    0    0 ...    2    0  433]]
iteration 11

avarage loss in epoch: 2.8980947629835088 
Accuracy: 0.9251602664494978
Confusion Matrix:
[[1459    1    0 ...    0    0    0]
 [   0 1189    0 ...    3    0    0]
 [   0    0 2579 ...    0    0    0]
 ...
 [   1    0    0 ... 1515    0    0]
 [   0    0    0 ...    0   73    0]
 [   0    0    0 ...    2    0  431]]
iteration 12

avarage loss in epoch: 2.897413308416133 
Accuracy: 0.9257240702457767
Confusion Matrix:
[[1482    0    0 ...    2    0    0]
 [   0 1189    0 ...    3    0    0]
 [   0    0 2579 ...    0    0    0]
 ...
 [   1    0    0 ... 1527    0    0]
 [   0    0    0 ...    0   73    0]
 [   0    0    0 ...    4    0  433]]
iteration 13

avarage loss in epoch: 2.8968213493010784 
Accuracy: 0.9252855561820043
Confusion Matrix:
[[1478    0    0 ...    0    0    0]
 [   0 1189    0 ...    3    0    0]
 [   1    0 2577 ...    0    0    0]
 ...
 [   1    0    0 ... 1517    0    0]
 [   0    0    0 ...    0   73    0]
 [   0    0    0 ...    3    0  432]]
iteration 14

avarage loss in epoch: 2.8963803379679107 
Accuracy: 0.9250976215832446
Confusion Matrix:
[[1468    0    0 ...    0    0    0]
 [   0 1190    0 ...    3    0    0]
 [   0    0 2579 ...    0    0    0]
 ...
 [   0    1    0 ... 1505    0    0]
 [   0    0    0 ...    0   73    0]
 [   0    1    0 ...    5    0  433]]
iteration 15

avarage loss in epoch: 2.8960469821203714 
Accuracy: 0.9256823070016079
Confusion Matrix:
[[1470    0    0 ...    0    0    0]
 [   0 1190    0 ...    3    0    0]
 [   0    0 2579 ...    0    0    0]
 ...
 [   0    0    0 ... 1522    0    0]
 [   0    0    0 ...    0   73    0]
 [   0    0    0 ...    3    0  433]]
iteration 16

avarage loss in epoch: 2.895618133424495 
Accuracy: 0.9266846248616593
Confusion Matrix:
[[1465    0    0 ...    0    0    0]
 [   0 1189    0 ...    3    0    0]
 [   0    0 2578 ...    0    0    0]
 ...
 [   0    0    0 ... 1517    0    0]
 [   0    0    0 ...    0   73    0]
 [   0    1    0 ...    6    0  433]]
iteration 17

avarage loss in epoch: 2.895112577398708 
Accuracy: 0.9260581761991271
Confusion Matrix:
[[1476    0    0 ...    0    0    0]
 [   0 1189    0 ...    3    0    0]
 [   0    0 2579 ...    0    0    0]
 ...
 [   0    0    0 ... 1522    0    0]
 [   0    0    0 ...    0   73    0]
 [   0    0    2 ...    3    0  433]]
iteration 18

avarage loss in epoch: 2.8950399386608776 
Accuracy: 0.9262669924199712
Confusion Matrix:
[[1477    0    0 ...    0    0    0]
 [   0 1188    0 ...    4    0    0]
 [   0    0 2579 ...    0    0    0]
 ...
 [   0    0    0 ... 1513    0    0]
 [   0    0    0 ...    0   73    0]
 [   0    0    3 ...    2    0  433]]
iteration 19

avarage loss in epoch: 2.8947374261281413 
Accuracy: 0.9253690826703418
Confusion Matrix:
[[1467    0    0 ...    0    0    0]
 [   0 1189    0 ...    3    0    0]
 [   0    0 2579 ...    0    0    0]
 ...
 [   0    0    0 ... 1524    0    0]
 [   0    0    0 ...    0   72    0]
 [   0    0    0 ...    2    0  433]]
iteration 20

avarage loss in epoch: 2.894355830063073 
Accuracy: 0.9257867151120299
Confusion Matrix:
[[1476    0    0 ...    0    0    0]
 [   0 1189    0 ...    3    0    0]
 [   0    0 2579 ...    0    0    0]
 ...
 [   0    1    0 ... 1517    0    0]
 [   0    0    0 ...    0   73    0]
 [   0    0    0 ...    3    0  433]]
iteration 21

avarage loss in epoch: 2.8941165420155928 
Accuracy: 0.9252020296936666
Confusion Matrix:
[[1454    0    0 ...    0    0    0]
 [   0 1189    0 ...    4    0    0]
 [   0    0 2578 ...    0    0    0]
 ...
 [   0    0    1 ... 1502    0    0]
 [   0    0    0 ...    0   73    0]
 [   0    0    1 ...    0    0  433]]
iteration 22

avarage loss in epoch: 2.8939183955667507 
Accuracy: 0.9253273194261731
Confusion Matrix:
[[1484    0    0 ...    0    0    0]
 [   0 1189    0 ...    3    0    0]
 [   1    0 2578 ...    0    0    0]
 ...
 [   0    0    0 ... 1511    0    0]
 [   0    0    0 ...    0   73    0]
 [   0    0    0 ...    7    0  433]]
iteration 23

avarage loss in epoch: 2.8937077366669794 
Accuracy: 0.9249932134728226
Confusion Matrix:
[[1478    0    0 ...    0    0    0]
 [   0 1189    0 ...    4    0    0]
 [   0    0 2579 ...    0    0    0]
 ...
 [   0    1    0 ... 1508    0    0]
 [   0    0    0 ...    0   73    0]
 [   0    0    0 ...    2    0  433]]
iteration 24

avarage loss in epoch: 2.8935445220665277 
Accuracy: 0.9262043475537179
Confusion Matrix:
[[1468    0    0 ...    0    0    0]
 [   0 1189    0 ...    3    0    0]
 [   0    0 2579 ...    0    0    0]
 ...
 [   1    0    0 ... 1516    0    0]
 [   0    0    0 ...    0   73    0]
 [   0    0    0 ...    2    0  433]]
iteration 25

avarage loss in epoch: 2.8933527895865727 
Accuracy: 0.9246173442753033
Confusion Matrix:
[[1466    0    0 ...    0    0    0]
 [   0 1188    0 ...    3    0    0]
 [   0    0 2579 ...    0    0    0]
 ...
 [   0    0    1 ... 1524    0    0]
 [   0    0    0 ...    0   73    0]
 [   0    0    0 ...    1    0  433]]
iteration 26

avarage loss in epoch: 2.8930461524936044 
Accuracy: 0.9263922821524776
Confusion Matrix:
[[1469    0    0 ...    0    0    0]
 [   0 1189    0 ...    2    0    0]
 [   0    0 2579 ...    0    0    0]
 ...
 [   0    0    0 ... 1532    0    0]
 [   0    0    0 ...    0   73    0]
 [   0    0    0 ...    1    0  433]]
iteration 27

avarage loss in epoch: 2.8928761188021177 
Accuracy: 0.9259955313328739
Confusion Matrix:
[[1473    0    0 ...    0    0    0]
 [   0 1189    0 ...    2    0    0]
 [   0    0 2579 ...    0    0    0]
 ...
 [   3    0    0 ... 1526    0    0]
 [   0    0    0 ...    0   73    0]
 [   0    0    0 ...    0    0  433]]
iteration 28

avarage loss in epoch: 2.892688759838344 
Accuracy: 0.9248888053624006
Confusion Matrix:
[[1478    0    0 ...    0    0    0]
 [   0 1189    0 ...    3    0    0]
 [   0    0 2579 ...    0    0    0]
 ...
 [   2    0    0 ... 1527    0    0]
 [   0    0    0 ...    0   73    0]
 [   0    0    0 ...    0    1  433]]
iteration 29

avarage loss in epoch: 2.8925103837715103 
Accuracy: 0.9256614253795235
Confusion Matrix:
[[1467    0    0 ...    1    0    0]
 [   0 1190    0 ...    3    0    0]
 [   0    0 2579 ...    0    0    0]
 ...
 [   0    0    1 ... 1530    0    1]
 [   0    0    0 ...    0   73    0]
 [   0    0    0 ...    0    1  433]]
iteration 30

avarage loss in epoch: 2.892205067055044 
Accuracy: 0.9256823070016079
Confusion Matrix:
[[1470    1    0 ...    0    0    0]
 [   0 1189    0 ...    2    0    0]
 [   0    0 2579 ...    0    0    0]
 ...
 [   0    0    0 ... 1533    0    1]
 [   0    0    0 ...    0   73    0]
 [   0    0    0 ...    0    1  433]]
iteration 31

avarage loss in epoch: 2.8921996158517045 
Accuracy: 0.9255361356470171
Confusion Matrix:
[[1464    0    0 ...    0    0    0]
 [   0 1190    0 ...    2    0    0]
 [   0    0 2578 ...    0    0    0]
 ...
 [   0    0    0 ... 1535    0    1]
 [   0    0    0 ...    0   73    0]
 [   0    0    0 ...    0    1  433]]
iteration 32

avarage loss in epoch: 2.8920340412861916 
Accuracy: 0.9250976215832446
Confusion Matrix:
[[1476    0    0 ...    0    0    0]
 [   0 1191    0 ...    3    0    0]
 [   1    0 2578 ...    0    0    0]
 ...
 [   0    0    1 ... 1516    0    0]
 [   0    0    0 ...    0   73    0]
 [   0    0    0 ...    0    1  433]]
iteration 33

avarage loss in epoch: 2.8918773829344993 
Accuracy: 0.9259120048445363
Confusion Matrix:
[[1451    0    0 ...    0    0    0]
 [   0 1192    0 ...    3    0    0]
 [   0    0 2579 ...    0    0    0]
 ...
 [   0    0    0 ... 1534    0    0]
 [   0    0    0 ...    0   73    0]
 [   0    0    0 ...    0    1  433]]
iteration 34

avarage loss in epoch: 2.891728715968998 
Accuracy: 0.9254317275365951
Confusion Matrix:
[[1466    0    0 ...    0    0    0]
 [   0 1190    0 ...    3    0    0]
 [   0    0 2579 ...    0    0    0]
 ...
 [   0    0    0 ... 1533    0    0]
 [   0    0    0 ...    0   73    0]
 [   0    0    0 ...    0    0  433]]
loss list: [3.00605636015619, 2.921089172244884, 2.9122668828447345, 2.9083770099650987, 2.905902393618926, 2.904072950937691, 2.902551860107737, 2.901305743813447, 2.900408987467527, 2.899236140910126, 2.89849792059752, 2.8980947629835088, 2.897413308416133, 2.8968213493010784, 2.8963803379679107, 2.8960469821203714, 2.895618133424495, 2.895112577398708, 2.8950399386608776, 2.8947374261281413, 2.894355830063073, 2.8941165420155928, 2.8939183955667507, 2.8937077366669794, 2.8935445220665277, 2.8933527895865727, 2.8930461524936044, 2.8928761188021177, 2.892688759838344, 2.8925103837715103, 2.892205067055044, 2.8921996158517045, 2.8920340412861916, 2.8918773829344993, 2.891728715968998]
accuracy list: [0.9056777130447493, 0.9176428824991125, 0.9195431101087933, 0.9223412474681033, 0.9206498360792666, 0.9220906680030905, 0.9229259328864666, 0.9248052788740629, 0.9249305686065693, 0.9252020296936666, 0.9249723318507381, 0.9251602664494978, 0.9257240702457767, 0.9252855561820043, 0.9250976215832446, 0.9256823070016079, 0.9266846248616593, 0.9260581761991271, 0.9262669924199712, 0.9253690826703418, 0.9257867151120299, 0.9252020296936666, 0.9253273194261731, 0.9249932134728226, 0.9262043475537179, 0.9246173442753033, 0.9263922821524776, 0.9259955313328739, 0.9248888053624006, 0.9256614253795235, 0.9256823070016079, 0.9255361356470171, 0.9250976215832446, 0.9259120048445363, 0.9254317275365951]
