iteration 0

avarage loss in epoch: 1.0171412207348216 
Accuracy: 0.5070611970410221
Confusion Matrix:
[[ 610   44   45   83  486]
 [  77 1805   71  124 1072]
 [  86  137  740  182  947]
 [  37   67  109 1369  512]
 [  47  122   80   70    0]]
iteration 1

avarage loss in epoch: 0.9602147892068552 
Accuracy: 0.613979348689436
Confusion Matrix:
[[ 735   42   35   61  395]
 [  43 2021   56   68  961]
 [  62  103 1160  122  645]
 [  36   64  121 1495  378]
 [  30   55   93   32    0]]
iteration 2

avarage loss in epoch: 0.9403099565742423 
Accuracy: 0.6797266514806378
Confusion Matrix:
[[ 789   27   49   60  343]
 [  48 2194   63   60  784]
 [  49   65 1362  116  500]
 [  29   34  107 1623  301]
 [  35   41   74   27    0]]
iteration 3

avarage loss in epoch: 0.9309398943076722 
Accuracy: 0.6952326901248581
Confusion Matrix:
[[ 830   18   70   40  310]
 [  42 2234   54   44  775]
 [  42   67 1450  103  430]
 [  42   38  115 1611  288]
 [  36   46   81   44    0]]
iteration 4

avarage loss in epoch: 0.9259489818244366 
Accuracy: 0.7034553307569902
Confusion Matrix:
[[ 841   22   57   47  301]
 [  41 2182   75   63  788]
 [  28   57 1512   84  411]
 [  23   25  123 1654  269]
 [  31   37   79   48    0]]
iteration 5

avarage loss in epoch: 0.9226736420293229 
Accuracy: 0.7150176477285666
Confusion Matrix:
[[ 846   27   59   56  280]
 [  26 2200  114   44  765]
 [  21   47 1569   76  379]
 [  32   26  110 1665  261]
 [  26   29   88   37    0]]
iteration 6

avarage loss in epoch: 0.9204014495618836 
Accuracy: 0.7200776610324349
Confusion Matrix:
[[ 851   30   71   38  278]
 [  26 2237   79   36  771]
 [  24   56 1541   60  411]
 [  25   37  110 1676  246]
 [  34   37   58   24    0]]
iteration 7

avarage loss in epoch: 0.9184441875725234 
Accuracy: 0.7246080436264485
Confusion Matrix:
[[ 884   20   49   57  258]
 [  45 2206   95   57  746]
 [  37   46 1560   65  384]
 [  27   26   78 1728  235]
 [  25   39   94   41    0]]
iteration 8

avarage loss in epoch: 0.9169960158654041 
Accuracy: 0.724437916619591
Confusion Matrix:
[[ 900   34   50   40  244]
 [  37 2229  108   55  720]
 [  54   52 1554   68  364]
 [  32   29   75 1729  229]
 [  30   35  136   47    0]]
iteration 9

avarage loss in epoch: 0.915996189233415 
Accuracy: 0.7373015873015873
Confusion Matrix:
[[ 899   22   59   37  251]
 [  24 2316   92   57  660]
 [  43   48 1580   55  366]
 [  29   26  105 1708  226]
 [  46   53   94   24    0]]
iteration 10

avarage loss in epoch: 0.9152397807730059 
Accuracy: 0.73042391180816
Confusion Matrix:
[[ 909   20   47   49  243]
 [  55 2202  130   66  696]
 [  47   38 1578   70  359]
 [  26   17  100 1738  213]
 [  38   34   96   28    0]]
iteration 11

avarage loss in epoch: 0.9146516595613261 
Accuracy: 0.7369016634604504
Confusion Matrix:
[[ 907   22   67   35  237]
 [  40 2277  115   48  669]
 [  35   35 1609   61  352]
 [  35   18  116 1719  206]
 [  54   44  114   22    0]]
iteration 12

avarage loss in epoch: 0.9140584821173717 
Accuracy: 0.7434673937741423
Confusion Matrix:
[[ 915   13   70   34  236]
 [  62 2295   90   50  652]
 [  38   39 1600   66  349]
 [  38   13  102 1734  207]
 [  34   37   80   48    0]]
iteration 13

avarage loss in epoch: 0.9135165036647659 
Accuracy: 0.7373668706095626
Confusion Matrix:
[[ 921   19   53   43  232]
 [  46 2265  112   60  666]
 [  38   31 1599   74  350]
 [  32   18   85 1723  236]
 [  35   43  117   28    0]]
iteration 14

avarage loss in epoch: 0.9130692557327889 
Accuracy: 0.7456485120718698
Confusion Matrix:
[[ 926   24   59   41  218]
 [  47 2304  150   61  587]
 [  34   31 1653   68  306]
 [  29   10  111 1757  187]
 [  55   37  175   35    0]]
iteration 15

avarage loss in epoch: 0.9128102019380259 
Accuracy: 0.7430060029448409
Confusion Matrix:
[[ 930   27   59   29  223]
 [  72 2250  185   67  575]
 [  38   19 1648   71  316]
 [  36   12  101 1732  213]
 [  67   40   92   27    0]]
iteration 16

avarage loss in epoch: 0.912499929274376 
Accuracy: 0.7479941236297887
Confusion Matrix:
[[ 930   31   55   44  208]
 [  47 2327  127   60  588]
 [  46   37 1632   67  310]
 [  35   16   98 1730  215]
 [  57   44  114   31    0]]
iteration 17

avarage loss in epoch: 0.9121690376084977 
Accuracy: 0.7443936182081892
Confusion Matrix:
[[ 926   26   69   44  203]
 [  64 2317  189   71  508]
 [  42   31 1657   69  293]
 [  36   14   90 1772  182]
 [  60   57  209   34    0]]
iteration 18

avarage loss in epoch: 0.9119166310508915 
Accuracy: 0.7483054676909173
Confusion Matrix:
[[ 953   14   54   47  200]
 [ 104 2259  176   78  532]
 [  59   21 1644   75  293]
 [  42    6   78 1768  200]
 [  87   38   91   33    0]]
iteration 19

avarage loss in epoch: 0.9115911869027143 
Accuracy: 0.7437766315317336
Confusion Matrix:
[[ 939   21   48   43  217]
 [  89 2287  179   60  534]
 [  49   27 1673   56  287]
 [  35   15  101 1734  209]
 [  57   44  193   21    0]]
iteration 20

avarage loss in epoch: 0.9113503745999598 
Accuracy: 0.7467160660154935
Confusion Matrix:
[[ 988   25   39   37  179]
 [ 145 2264  161   67  512]
 [  79   28 1641   64  280]
 [  58   13   80 1758  185]
 [ 133   38  103   30    0]]
iteration 21

avarage loss in epoch: 0.9111352867593829 
Accuracy: 0.7486504723346828
Confusion Matrix:
[[ 975   17   50   28  198]
 [ 133 2256  179   62  519]
 [  67   22 1661   60  282]
 [  41   13   96 1765  179]
 [  85   51  122   31    0]]
iteration 22

avarage loss in epoch: 0.9109811612870908 
Accuracy: 0.7489095179510122
Confusion Matrix:
[[ 973   25   46   23  201]
 [ 123 2276  212   43  495]
 [  51   22 1681   59  279]
 [  42   17   88 1766  181]
 [  84   56  155   43    0]]
iteration 23

avarage loss in epoch: 0.9108037432370454 
Accuracy: 0.7407037407037407
Confusion Matrix:
[[ 990   18   53   29  178]
 [ 160 2271  157   41  520]
 [  74   23 1681   54  260]
 [  59   15   97 1731  192]
 [ 110   40  207   49    0]]
iteration 24

avarage loss in epoch: 0.9106908327403547 
Accuracy: 0.7440542342742832
Confusion Matrix:
[[1000   18   45   33  172]
 [ 196 2272  125   57  499]
 [  84   36 1661   65  246]
 [  48   20   91 1762  173]
 [ 122   45  184   44    0]]
iteration 25

avarage loss in epoch: 0.9105362672584262 
Accuracy: 0.7471587712388883
Confusion Matrix:
[[ 993   14   44   24  193]
 [ 176 2259  102   37  575]
 [  71   27 1662   46  286]
 [  45   14  102 1726  207]
 [  92   50  117   25    0]]
iteration 26

avarage loss in epoch: 0.9104597703608366 
Accuracy: 0.7504757640210455
Confusion Matrix:
[[ 997   20   31   37  183]
 [ 163 2276  128   51  531]
 [  84   32 1657   60  259]
 [  40   10   84 1774  186]
 [ 129   47  110   44    0]]
iteration 27

avarage loss in epoch: 0.9102948207018354 
Accuracy: 0.7527951699463328
Confusion Matrix:
[[1000   22   53   35  158]
 [ 162 2288  113   45  541]
 [  77   36 1672   52  255]
 [  44   18   94 1773  165]
 [ 122   51  117   51    0]]
iteration 28

avarage loss in epoch: 0.9102524725573734 
Accuracy: 0.7574368150301946
Confusion Matrix:
[[1006   17   44   42  159]
 [ 168 2325  101   45  510]
 [  87   46 1653   52  254]
 [  44   20   87 1789  154]
 [ 136   60   94   49    0]]
iteration 29

avarage loss in epoch: 0.9101351326701228 
Accuracy: 0.7454666814996106
Confusion Matrix:
[[ 995   20   52   36  165]
 [ 149 2288  100   49  563]
 [  80   36 1639   56  281]
 [  45   15   78 1779  177]
 [ 133   58  142   53    0]]
iteration 30

avarage loss in epoch: 0.9099797822305449 
Accuracy: 0.7519319072684512
Confusion Matrix:
[[ 978   23   50   28  189]
 [ 133 2295  152   37  532]
 [  57   35 1687   50  263]
 [  29   14  116 1754  181]
 [ 106   55  128   37    0]]
iteration 31

avarage loss in epoch: 0.9098550042747314 
Accuracy: 0.7521575569816331
Confusion Matrix:
[[1012   12   37   46  161]
 [ 216 2334  138   42  419]
 [  73   46 1664   64  245]
 [  51   18   97 1788  140]
 [ 155   54  143   83    0]]
iteration 32

avarage loss in epoch: 0.9098135265370928 
Accuracy: 0.7490013315579228
Confusion Matrix:
[[1000   35   52   27  154]
 [ 165 2307  153   57  467]
 [  68   39 1673   58  254]
 [  40   13  106 1770  165]
 [ 150   54  115   90    0]]
iteration 33

avarage loss in epoch: 0.9097215856872551 
Accuracy: 0.7524173600179896
Confusion Matrix:
[[ 993   16   57   30  172]
 [ 157 2286  121   43  542]
 [  75   38 1647   51  281]
 [  46   11   95 1766  176]
 [ 138   28   77   48    0]]
iteration 34

avarage loss in epoch: 0.9096160173397491 
Accuracy: 0.7447614801604994
Confusion Matrix:
[[ 996   32   51   32  157]
 [ 229 2243  145   53  479]
 [  81   36 1667   49  259]
 [  45    7   98 1776  168]
 [ 172   24  122   51    0]]
loss list: [1.0171412207348216, 0.9602147892068552, 0.9403099565742423, 0.9309398943076722, 0.9259489818244366, 0.9226736420293229, 0.9204014495618836, 0.9184441875725234, 0.9169960158654041, 0.915996189233415, 0.9152397807730059, 0.9146516595613261, 0.9140584821173717, 0.9135165036647659, 0.9130692557327889, 0.9128102019380259, 0.912499929274376, 0.9121690376084977, 0.9119166310508915, 0.9115911869027143, 0.9113503745999598, 0.9111352867593829, 0.9109811612870908, 0.9108037432370454, 0.9106908327403547, 0.9105362672584262, 0.9104597703608366, 0.9102948207018354, 0.9102524725573734, 0.9101351326701228, 0.9099797822305449, 0.9098550042747314, 0.9098135265370928, 0.9097215856872551, 0.9096160173397491]
accuracy list: [0.5070611970410221, 0.613979348689436, 0.6797266514806378, 0.6952326901248581, 0.7034553307569902, 0.7150176477285666, 0.7200776610324349, 0.7246080436264485, 0.724437916619591, 0.7373015873015873, 0.73042391180816, 0.7369016634604504, 0.7434673937741423, 0.7373668706095626, 0.7456485120718698, 0.7430060029448409, 0.7479941236297887, 0.7443936182081892, 0.7483054676909173, 0.7437766315317336, 0.7467160660154935, 0.7486504723346828, 0.7489095179510122, 0.7407037407037407, 0.7440542342742832, 0.7471587712388883, 0.7504757640210455, 0.7527951699463328, 0.7574368150301946, 0.7454666814996106, 0.7519319072684512, 0.7521575569816331, 0.7490013315579228, 0.7524173600179896, 0.7447614801604994]
