iteration 0

avarage loss in epoch: 2.972161530425072 
Accuracy: 0.9182275679174758
Confusion Matrix:
[[1452    0    0 ...    1    0    0]
 [   0 1190    0 ...    3    0    0]
 [   0    0 2579 ...    0    0    0]
 ...
 [   2    1    0 ... 1320    0    1]
 [   0    0    0 ...    0   73    0]
 [   0    0    0 ...    0    0  433]]
iteration 1

avarage loss in epoch: 2.9062949478389455 
Accuracy: 0.9294409989768005
Confusion Matrix:
[[1453    0    0 ...    0    0    0]
 [   0 1189    0 ...    3    0    0]
 [   0    0 2579 ...    0    0    0]
 ...
 [   0    1    0 ... 1359    0    0]
 [   0    0    0 ...    0   73    0]
 [   2    0    0 ...    0    0  433]]
iteration 2

avarage loss in epoch: 2.8971538148169214 
Accuracy: 0.9324897158011234
Confusion Matrix:
[[1458    0    0 ...    0    0    0]
 [   1 1190    0 ...    2    0    0]
 [   0    0 2578 ...    0    0    0]
 ...
 [   0    1    0 ... 1372    0    2]
 [   0    0    0 ...    0   73    0]
 [   3    0    0 ...    0    0  433]]
iteration 3

avarage loss in epoch: 2.892192822376797 
Accuracy: 0.935162563427927
Confusion Matrix:
[[1479    0    0 ...    0    0    0]
 [   0 1189    0 ...    2    0    0]
 [   0    0 2579 ...    0    0    0]
 ...
 [   0    1    0 ... 1386    0    2]
 [   0    0    0 ...    0   73    0]
 [   1    0    0 ...    1    0  433]]
iteration 4

avarage loss in epoch: 2.8893616523564063 
Accuracy: 0.9359560650671345
Confusion Matrix:
[[1471    0    0 ...    1    0    0]
 [   0 1190    0 ...    2    0    0]
 [   0    0 2579 ...    0    0    0]
 ...
 [   0    1    0 ... 1386    0    0]
 [   0    0    0 ...    0   73    0]
 [   0    0    0 ...    0    0  433]]
iteration 5

avarage loss in epoch: 2.887445638639161 
Accuracy: 0.935726367224206
Confusion Matrix:
[[1460    0    0 ...    0    0    0]
 [   1 1189    0 ...    2    0    0]
 [   0    0 2578 ...    1    0    0]
 ...
 [   0    1    1 ... 1413    0    0]
 [   0    0    0 ...    0   73    0]
 [   1    1    0 ...    0    0  432]]
iteration 6

avarage loss in epoch: 2.885883052134622 
Accuracy: 0.9366660402180041
Confusion Matrix:
[[1484    0    0 ...    0    0    0]
 [   1 1188    0 ...    1    0    0]
 [   0    0 2579 ...    0    0    0]
 ...
 [   1    1    0 ... 1415    0    0]
 [   0    0    0 ...    0   73    0]
 [   0    0    0 ...    1    0  444]]
iteration 7

avarage loss in epoch: 2.884565023859703 
Accuracy: 0.9376057132118023
Confusion Matrix:
[[1458    0    2 ...    0    0    0]
 [   2 1189    0 ...    2    0    0]
 [   0    0 2579 ...    0    0    0]
 ...
 [   1    1    0 ... 1405    0    1]
 [   0    0    0 ...    0   73    0]
 [   0    0    0 ...    0    0  447]]
iteration 8

avarage loss in epoch: 2.8837060194280713 
Accuracy: 0.9373760153688738
Confusion Matrix:
[[1470    0    1 ...    0    0    0]
 [   0 1190    0 ...    3    0    0]
 [   0    0 2579 ...    0    0    0]
 ...
 [   0    1    0 ... 1417    0    0]
 [   0    0    0 ...    0   73    0]
 [   0    0    0 ...    0    0  446]]
iteration 9

avarage loss in epoch: 2.88280452243248 
Accuracy: 0.9377101213222243
Confusion Matrix:
[[1471    0    0 ...    0    0    0]
 [   0 1190    0 ...    2    0    0]
 [   1    0 2578 ...    0    0    0]
 ...
 [   2    1    0 ... 1410    0    0]
 [   0    0    0 ...    0   73    0]
 [   0    0    0 ...    0    0  447]]
iteration 10

avarage loss in epoch: 2.8821321242783857 
Accuracy: 0.9377310029443087
Confusion Matrix:
[[1464    0    0 ...    0    0    0]
 [   0 1190    0 ...    2    0    0]
 [   0    0 2579 ...    0    0    0]
 ...
 [   0    1    0 ... 1414    0    0]
 [   0    0    0 ...    0   73    0]
 [   0    0    0 ...    0    0  447]]
iteration 11

avarage loss in epoch: 2.8814485233264397 
Accuracy: 0.9381277537639123
Confusion Matrix:
[[1466    0    0 ...    0    0    0]
 [   0 1190    0 ...    3    0    0]
 [   0    0 2579 ...    0    0    0]
 ...
 [   3    1    1 ... 1402    0    0]
 [   0    0    0 ...    0   73    0]
 [   0    0    0 ...    0    0  447]]
iteration 12

avarage loss in epoch: 2.880761202843384 
Accuracy: 0.9385453862056005
Confusion Matrix:
[[1467    0    0 ...    0    0    0]
 [   1 1190    0 ...    1    0    0]
 [   0    0 2579 ...    0    0    0]
 ...
 [   1    1    1 ... 1422    0    0]
 [   0    0    0 ...    0   73    0]
 [   0    0    0 ...    0    0  447]]
iteration 13

avarage loss in epoch: 2.880288941872377 
Accuracy: 0.9389421370252041
Confusion Matrix:
[[1463    0    0 ...    0    0    0]
 [   0 1190    0 ...    3    0    0]
 [   0    0 2578 ...    0    0    0]
 ...
 [   0    1    1 ... 1418    0    1]
 [   0    0    0 ...    0   73    0]
 [   0    0    0 ...    0    0  447]]
iteration 14

avarage loss in epoch: 2.879740238443406 
Accuracy: 0.9395894673098206
Confusion Matrix:
[[1456    0    0 ...    1    0    0]
 [   0 1189    0 ...    2    0    0]
 [   0    0 2579 ...    0    0    0]
 ...
 [   0    1    1 ... 1418    1    0]
 [   0    0    0 ...    0   73    0]
 [   0    0    0 ...    0    0  447]]
iteration 15

avarage loss in epoch: 2.879397478119537 
Accuracy: 0.938002464031406
Confusion Matrix:
[[1465    0    0 ...    2    0    0]
 [   1 1191    0 ...    2    0    0]
 [   0    0 2579 ...    0    0    0]
 ...
 [   1    1    0 ... 1417    0    0]
 [   0    0    0 ...    0   73    0]
 [   0    0    0 ...    0    0  447]]
iteration 16

avarage loss in epoch: 2.8791448733136145 
Accuracy: 0.939505940821483
Confusion Matrix:
[[1474    0    1 ...    1    0    0]
 [   1 1189    0 ...    2    0    0]
 [   0    0 2579 ...    0    0    0]
 ...
 [   2    1    0 ... 1423    1    1]
 [   0    0    0 ...    0   73    0]
 [   0    0    0 ...    0    0  447]]
iteration 17

avarage loss in epoch: 2.878736844846596 
Accuracy: 0.9378354110547308
Confusion Matrix:
[[1471    0    0 ...    1    0    0]
 [   2 1189    0 ...    2    0    0]
 [   0    0 2579 ...    0    0    0]
 ...
 [   0    1    0 ... 1417    1    0]
 [   0    0    0 ...    0   73    0]
 [   0    0    0 ...    0    0  447]]
iteration 18

avarage loss in epoch: 2.8785340724244426 
Accuracy: 0.9382739251185032
Confusion Matrix:
[[1463    0    0 ...    1    0    0]
 [   1 1189    0 ...    3    0    0]
 [   0    0 2579 ...    0    0    0]
 ...
 [   0    1    0 ... 1433    1    0]
 [   0    0    0 ...    0   72    1]
 [   0    0    0 ...    0    0  447]]
iteration 19

avarage loss in epoch: 2.8782285529016503 
Accuracy: 0.9383992148510096
Confusion Matrix:
[[1467    0    0 ...    0    0    0]
 [   1 1190    0 ...    3    0    0]
 [   0    0 2579 ...    0    0    0]
 ...
 [   0    1    0 ... 1420    1    0]
 [   0    0    0 ...    0   72    1]
 [   0    0    0 ...    0    0  447]]
iteration 20

avarage loss in epoch: 2.8779119805059694 
Accuracy: 0.9375430683455491
Confusion Matrix:
[[1458    0    0 ...    0    0    0]
 [   1 1190    0 ...    3    0    0]
 [   1    0 2577 ...    0    0    0]
 ...
 [   2    1    0 ... 1415    0    0]
 [   0    0    0 ...    0   73    0]
 [   0    0    0 ...    0    0  447]]
iteration 21

avarage loss in epoch: 2.8775584897476754 
Accuracy: 0.9376683580780555
Confusion Matrix:
[[1473    0    0 ...    2    0    0]
 [   0 1189    0 ...    3    0    0]
 [   0    0 2579 ...    0    0    0]
 ...
 [   2    1    0 ... 1430    1    0]
 [   0    0    0 ...    0   73    0]
 [   0    1    0 ...    0    0  446]]
iteration 22

avarage loss in epoch: 2.8774622555623397 
Accuracy: 0.937021027793439
Confusion Matrix:
[[1470    0    0 ...    1    0    0]
 [   1 1190    0 ...    3    0    0]
 [   0    0 2579 ...    0    0    0]
 ...
 [   1    1    0 ... 1434    0    0]
 [   0    0    0 ...    0   73    0]
 [   0    2    0 ...    0    0  445]]
iteration 23

avarage loss in epoch: 2.8771610297220382 
Accuracy: 0.9381277537639123
Confusion Matrix:
[[1457    0    0 ...    1    0    0]
 [   2 1190    0 ...    3    0    0]
 [   0    0 2579 ...    0    0    0]
 ...
 [   0    1    0 ... 1429    1    0]
 [   0    0    0 ...    0   73    0]
 [   0    1    0 ...    0    0  446]]
iteration 24

avarage loss in epoch: 2.8770124102423598 
Accuracy: 0.9379815824093215
Confusion Matrix:
[[1465    0    0 ...    3    0    0]
 [   0 1190    0 ...    3    0    0]
 [   0    0 2578 ...    0    0    0]
 ...
 [   1    1    0 ... 1421    0    0]
 [   0    0    0 ...    0   73    0]
 [   0    0    0 ...    0    0  447]]
iteration 25

avarage loss in epoch: 2.876759980715363 
Accuracy: 0.93821128025225
Confusion Matrix:
[[1472    0    0 ...    2    0    0]
 [   2 1190    0 ...    3    0    0]
 [   0    0 2578 ...    0    0    0]
 ...
 [   0    1    0 ... 1416    0    0]
 [   0    0    0 ...    0   73    0]
 [   0    0    0 ...    0    0  447]]
iteration 26

avarage loss in epoch: 2.8766062324792654 
Accuracy: 0.9374804234792958
Confusion Matrix:
[[1468    0    0 ...    2    0    0]
 [   0 1189    0 ...    3    0    0]
 [   0    0 2579 ...    0    0    0]
 ...
 [   1    1    0 ... 1422    0    0]
 [   0    0    0 ...    0   73    0]
 [   0    0    0 ...    0    0  447]]
iteration 27

avarage loss in epoch: 2.876515488061001 
Accuracy: 0.9370419094155233
Confusion Matrix:
[[1469    0    0 ...    2    0    0]
 [   0 1191    0 ...    3    0    0]
 [   0    1 2577 ...    0    0    0]
 ...
 [   1    1    0 ... 1421    0    0]
 [   0    0    0 ...    0   73    0]
 [   0    0    0 ...    0    0  447]]
iteration 28

avarage loss in epoch: 2.8762652676692073 
Accuracy: 0.936812211572595
Confusion Matrix:
[[1468    0    0 ...    1    0    0]
 [   1 1190    0 ...    2    0    0]
 [   0    0 2578 ...    0    0    0]
 ...
 [   1    1    0 ... 1426    0    0]
 [   0    0    0 ...    0   73    0]
 [   0    0    0 ...    0    0  446]]
iteration 29

avarage loss in epoch: 2.8760447863248366 
Accuracy: 0.9369792645492702
Confusion Matrix:
[[1477    0    0 ...    1    0    0]
 [   0 1190    0 ...    2    0    0]
 [   0    0 2578 ...    1    0    0]
 ...
 [   2    1    0 ... 1435    0    0]
 [   0    0    0 ...    0   73    0]
 [   0    0    0 ...    0    0  447]]
iteration 30

avarage loss in epoch: 2.8759964109820215 
Accuracy: 0.937021027793439
Confusion Matrix:
[[1448    0    0 ...    1    0    0]
 [   1 1191    0 ...    1    0    0]
 [   0    0 2579 ...    0    0    0]
 ...
 [   1    2    0 ... 1434    0    0]
 [   0    0    0 ...    0   73    0]
 [   0    0    0 ...    0    0  447]]
iteration 31

avarage loss in epoch: 2.875724208679697 
Accuracy: 0.9384409780951785
Confusion Matrix:
[[1475    0    0 ...    2    0    0]
 [   0 1190    0 ...    3    0    0]
 [   0    0 2579 ...    0    0    0]
 ...
 [   2    1    0 ... 1445    0    0]
 [   0    0    0 ...    0   73    0]
 [   0    0    0 ...    0    0  447]]
iteration 32

avarage loss in epoch: 2.87542717735559 
Accuracy: 0.9388168472926977
Confusion Matrix:
[[1475    0    0 ...    3    0    0]
 [   0 1190    1 ...    3    0    0]
 [   0    0 2579 ...    0    0    0]
 ...
 [   2    1    0 ... 1469    0    0]
 [   0    0    0 ...    0   73    0]
 [   0    1    0 ...    0    0  446]]
iteration 33

avarage loss in epoch: 2.8750410051202393 
Accuracy: 0.9382739251185032
Confusion Matrix:
[[1464    0    1 ...    2    0    0]
 [   0 1190    0 ...    1    0    0]
 [   0    0 2578 ...    0    0    0]
 ...
 [   0    1    0 ... 1463    0    0]
 [   0    0    0 ...    0   73    0]
 [   0    0    0 ...    0    0  447]]
iteration 34

avarage loss in epoch: 2.874979591591201 
Accuracy: 0.9386080310718536
Confusion Matrix:
[[1466    0    0 ...    3    0    0]
 [   0 1192    0 ...    1    0    0]
 [   0    0 2579 ...    0    0    0]
 ...
 [   0    1    0 ... 1480    0    0]
 [   0    0    0 ...    0   72    1]
 [   0    0    0 ...    0    0  447]]
loss list: [2.972161530425072, 2.9062949478389455, 2.8971538148169214, 2.892192822376797, 2.8893616523564063, 2.887445638639161, 2.885883052134622, 2.884565023859703, 2.8837060194280713, 2.88280452243248, 2.8821321242783857, 2.8814485233264397, 2.880761202843384, 2.880288941872377, 2.879740238443406, 2.879397478119537, 2.8791448733136145, 2.878736844846596, 2.8785340724244426, 2.8782285529016503, 2.8779119805059694, 2.8775584897476754, 2.8774622555623397, 2.8771610297220382, 2.8770124102423598, 2.876759980715363, 2.8766062324792654, 2.876515488061001, 2.8762652676692073, 2.8760447863248366, 2.8759964109820215, 2.875724208679697, 2.87542717735559, 2.8750410051202393, 2.874979591591201]
accuracy list: [0.9182275679174758, 0.9294409989768005, 0.9324897158011234, 0.935162563427927, 0.9359560650671345, 0.935726367224206, 0.9366660402180041, 0.9376057132118023, 0.9373760153688738, 0.9377101213222243, 0.9377310029443087, 0.9381277537639123, 0.9385453862056005, 0.9389421370252041, 0.9395894673098206, 0.938002464031406, 0.939505940821483, 0.9378354110547308, 0.9382739251185032, 0.9383992148510096, 0.9375430683455491, 0.9376683580780555, 0.937021027793439, 0.9381277537639123, 0.9379815824093215, 0.93821128025225, 0.9374804234792958, 0.9370419094155233, 0.936812211572595, 0.9369792645492702, 0.937021027793439, 0.9384409780951785, 0.9388168472926977, 0.9382739251185032, 0.9386080310718536]
