iteration 0

avarage loss in epoch: 1.0177297914660295 
Accuracy: 0.5503561535417492
Confusion Matrix:
[[ 495  152  106  142  373]
 [  18 2707   91   79  254]
 [  69  374  955  181  513]
 [  63  215  142 1406  268]
 [ 108  875  219  303    0]]
iteration 1

avarage loss in epoch: 0.9596418750205921 
Accuracy: 0.6441649899396378
Confusion Matrix:
[[ 674  116   61  144  273]
 [  20 2860   49   88  132]
 [  36  321 1217  203  315]
 [  37  173   96 1652  136]
 [  44  659  212  422    0]]
iteration 2

avarage loss in epoch: 0.9408463252722592 
Accuracy: 0.6749319625037798
Confusion Matrix:
[[ 774   77   53  133  231]
 [  18 2779   51  195  106]
 [  39  185 1400  231  237]
 [  54   93  101 1743  103]
 [  60  429  213  616    0]]
iteration 3

avarage loss in epoch: 0.9313442765799334 
Accuracy: 0.6897726134428529
Confusion Matrix:
[[ 817   61   34  156  200]
 [  23 2751   40  258   77]
 [  33  142 1471  256  190]
 [  40   55   88 1847   64]
 [  60  301  252  767    0]]
iteration 4

avarage loss in epoch: 0.9260660881972287 
Accuracy: 0.6964661127239964
Confusion Matrix:
[[ 825   50   26  172  195]
 [  14 2760   33  287   55]
 [  36  123 1490  273  170]
 [  34   45   79 1882   54]
 [  52  268  218  848    0]]
iteration 5

avarage loss in epoch: 0.9225709989058586 
Accuracy: 0.710679806918745
Confusion Matrix:
[[ 850   68   27  152  171]
 [  15 2839   22  205   68]
 [  45  149 1495  232  171]
 [  28   43   88 1883   52]
 [  47  335  210  749    0]]
iteration 6

avarage loss in epoch: 0.919647410649491 
Accuracy: 0.7100211076490099
Confusion Matrix:
[[ 887   43   26  180  132]
 [  16 2752   20  296   65]
 [  47  118 1491  281  155]
 [  27   25   61 1934   47]
 [  59  197  170  920    0]]
iteration 7

avarage loss in epoch: 0.917859033875933 
Accuracy: 0.7205056179775281
Confusion Matrix:
[[ 896   51   38  158  125]
 [  11 2808   21  251   58]
 [  34  117 1558  232  151]
 [  20   33   76 1920   45]
 [  66  283  244  772    0]]
iteration 8

avarage loss in epoch: 0.916496004014811 
Accuracy: 0.7192296117965694
Confusion Matrix:
[[ 923   45   43  156  101]
 [  13 2751   22  305   58]
 [  39  121 1556  240  136]
 [  19   21   75 1940   39]
 [  57  233  216  860    0]]
iteration 9

avarage loss in epoch: 0.9153427574232899 
Accuracy: 0.7224231464737794
Confusion Matrix:
[[ 953   44   34  140   97]
 [  19 2771   22  276   61]
 [  48  119 1554  232  139]
 [  36   29   78 1913   38]
 [  95  224  225  807    0]]
iteration 10

avarage loss in epoch: 0.9144272666087121 
Accuracy: 0.7232223674947199
Confusion Matrix:
[[ 962   45   35  128   98]
 [  23 2742   35  287   62]
 [  53   95 1561  250  133]
 [  44   27   63 1926   34]
 [ 118  267  242  713    0]]
iteration 11

avarage loss in epoch: 0.9136641219377182 
Accuracy: 0.7187720181177655
Confusion Matrix:
[[ 971   31   34  151   81]
 [  17 2639   38  400   55]
 [  44   73 1576  265  134]
 [  29   17   62 1955   31]
 [  81  202  186  863    0]]
iteration 12

avarage loss in epoch: 0.9131637147273627 
Accuracy: 0.7247207968608512
Confusion Matrix:
[[ 979   35   35  139   80]
 [  20 2695   36  348   50]
 [  38   91 1581  245  137]
 [  28   16   71 1948   31]
 [ 107  182  150  897    0]]
iteration 13

avarage loss in epoch: 0.9126556829613325 
Accuracy: 0.7313642756680732
Confusion Matrix:
[[ 974   39   36  145   74]
 [  18 2753   31  298   49]
 [  38   96 1605  235  118]
 [  22   23   74 1948   27]
 [  82  249  238  782    0]]
iteration 14

avarage loss in epoch: 0.9122064352016875 
Accuracy: 0.7242107379851197
Confusion Matrix:
[[ 985   30   25  154   74]
 [  21 2673   40  360   55]
 [  42   84 1592  264  110]
 [  30   20   62 1953   29]
 [  96  154  225  868    0]]
iteration 15

avarage loss in epoch: 0.9118437972889993 
Accuracy: 0.7277297405992359
Confusion Matrix:
[[ 990   25   35  145   73]
 [  18 2701   29  352   49]
 [  52   82 1593  256  109]
 [  25   16   68 1954   31]
 [ 107  142  160  934    0]]
iteration 16

avarage loss in epoch: 0.9116462709458804 
Accuracy: 0.72828934112432
Confusion Matrix:
[[ 975   37   37  139   80]
 [  12 2694   26  367   50]
 [  36   85 1616  236  119]
 [  28   17   71 1944   34]
 [  71  147  188  917    0]]
iteration 17

avarage loss in epoch: 0.9112901838568293 
Accuracy: 0.7236736334405145
Confusion Matrix:
[[ 985   32   36  149   66]
 [  15 2651   29  404   50]
 [  42   58 1609  279  104]
 [  25   15   69 1957   28]
 [  80  130  206  933    0]]
iteration 18

avarage loss in epoch: 0.9110920610197382 
Accuracy: 0.7245852187028657
Confusion Matrix:
[[ 986   35   37  141   69]
 [  16 2669   29  379   56]
 [  46   75 1598  258  115]
 [  30   15   68 1953   28]
 [  89  125  127 1001    0]]
iteration 19

avarage loss in epoch: 0.9108795383605677 
Accuracy: 0.7270633012820513
Confusion Matrix:
[[ 997   38   31  137   65]
 [  14 2704   27  350   54]
 [  45   90 1604  247  106]
 [  23   27   63 1954   27]
 [  99  130  226  926    0]]
iteration 20

avarage loss in epoch: 0.9107068307743225 
Accuracy: 0.728993490235353
Confusion Matrix:
[[1012   41   30  123   62]
 [  20 2735   39  311   44]
 [  65   76 1611  225  115]
 [  31   22   96 1921   24]
 [ 160  197  204  821    0]]
iteration 21

avarage loss in epoch: 0.9105359102645503 
Accuracy: 0.7304059485530546
Confusion Matrix:
[[ 997   41   25  139   66]
 [  11 2740   29  325   44]
 [  50   91 1592  251  108]
 [  22   23   83 1940   26]
 [  81  185  138  945    0]]
iteration 22

avarage loss in epoch: 0.9103829372233112 
Accuracy: 0.7256993358824714
Confusion Matrix:
[[ 990   34   34  142   68]
 [  21 2675   54  345   54]
 [  39   73 1625  243  112]
 [  23   21  101 1922   27]
 [  92  134  186  923    0]]
iteration 23

avarage loss in epoch: 0.9101396002960414 
Accuracy: 0.7289635065849
Confusion Matrix:
[[1008   34   30  131   65]
 [  18 2684   68  330   49]
 [  54   84 1633  217  104]
 [  24   21  100 1926   23]
 [ 101  143  155  945    0]]
iteration 24

avarage loss in epoch: 0.9099655553299963 
Accuracy: 0.734393878372936
Confusion Matrix:
[[ 990   43   30  136   69]
 [  12 2720   31  333   53]
 [  37   69 1624  253  109]
 [  17   16   72 1960   29]
 [  93  148  112  976    0]]
iteration 25

avarage loss in epoch: 0.9098138733311436 
Accuracy: 0.7406363270237616
Confusion Matrix:
[[ 999   45   28  124   72]
 [  12 2805   45  234   53]
 [  49   98 1627  213  105]
 [  24   32   85 1925   28]
 [  90  250  196  793    0]]
iteration 26

avarage loss in epoch: 0.9096486506543398 
Accuracy: 0.7409456740442656
Confusion Matrix:
[[1000   46   33  124   65]
 [  18 2806   41  235   49]
 [  50   94 1625  217  106]
 [  22   29   82 1934   27]
 [  70  237  201  829    0]]
iteration 27

avarage loss in epoch: 0.909531505011289 
Accuracy: 0.73815987933635
Confusion Matrix:
[[1001   39   30  128   70]
 [  15 2764   31  287   52]
 [  46   84 1616  251   95]
 [  24   23   60 1960   27]
 [  73  188  176  905    0]]
iteration 28

avarage loss in epoch: 0.9094573863604698 
Accuracy: 0.7355986729667237
Confusion Matrix:
[[1000   35   29  137   67]
 [  16 2717   36  329   51]
 [  43   66 1633  249  101]
 [  20   19   63 1967   25]
 [  77  181  235  851    0]]
iteration 29

avarage loss in epoch: 0.9093458428547712 
Accuracy: 0.7321141479099679
Confusion Matrix:
[[1001   37   25  143   62]
 [  11 2692   26  371   49]
 [  43   73 1630  255   91]
 [  22   16   71 1963   22]
 [  90  135  247  877    0]]
iteration 30

avarage loss in epoch: 0.9092264232287921 
Accuracy: 0.732407127755965
Confusion Matrix:
[[1005   37   24  135   67]
 [  18 2695   30  353   53]
 [  53   63 1619  256  101]
 [  29   21   63 1956   25]
 [ 105  132  165  928    0]]
iteration 31

avarage loss in epoch: 0.909146393164025 
Accuracy: 0.7312997080438941
Confusion Matrix:
[[ 993   35   26  146   68]
 [  12 2691   33  369   44]
 [  45   72 1620  256   99]
 [  23   21   66 1960   24]
 [  76  144  151  959    0]]
iteration 32

avarage loss in epoch: 0.9090976442843932 
Accuracy: 0.7300755667506297
Confusion Matrix:
[[ 999   38   25  137   69]
 [  18 2677   32  367   55]
 [  53   69 1618  250  102]
 [  22   20   78 1952   22]
 [  89  139  187  907    0]]
iteration 33

avarage loss in epoch: 0.9090415229917449 
Accuracy: 0.7324327049097691
Confusion Matrix:
[[ 994   47   27  130   70]
 [  19 2689   58  332   51]
 [  47   77 1657  217   94]
 [  21   27   99 1925   22]
 [  72  157  275  812    0]]
iteration 34

avarage loss in epoch: 0.9090118757551794 
Accuracy: 0.731322272498743
Confusion Matrix:
[[ 999   41   29  133   66]
 [  14 2681   48  365   41]
 [  49   76 1649  225   93]
 [  21   27   83 1944   19]
 [  77  165  245  855    0]]
loss list: [1.0177297914660295, 0.9596418750205921, 0.9408463252722592, 0.9313442765799334, 0.9260660881972287, 0.9225709989058586, 0.919647410649491, 0.917859033875933, 0.916496004014811, 0.9153427574232899, 0.9144272666087121, 0.9136641219377182, 0.9131637147273627, 0.9126556829613325, 0.9122064352016875, 0.9118437972889993, 0.9116462709458804, 0.9112901838568293, 0.9110920610197382, 0.9108795383605677, 0.9107068307743225, 0.9105359102645503, 0.9103829372233112, 0.9101396002960414, 0.9099655553299963, 0.9098138733311436, 0.9096486506543398, 0.909531505011289, 0.9094573863604698, 0.9093458428547712, 0.9092264232287921, 0.909146393164025, 0.9090976442843932, 0.9090415229917449, 0.9090118757551794]
accuracy list: [0.5503561535417492, 0.6441649899396378, 0.6749319625037798, 0.6897726134428529, 0.6964661127239964, 0.710679806918745, 0.7100211076490099, 0.7205056179775281, 0.7192296117965694, 0.7224231464737794, 0.7232223674947199, 0.7187720181177655, 0.7247207968608512, 0.7313642756680732, 0.7242107379851197, 0.7277297405992359, 0.72828934112432, 0.7236736334405145, 0.7245852187028657, 0.7270633012820513, 0.728993490235353, 0.7304059485530546, 0.7256993358824714, 0.7289635065849, 0.734393878372936, 0.7406363270237616, 0.7409456740442656, 0.73815987933635, 0.7355986729667237, 0.7321141479099679, 0.732407127755965, 0.7312997080438941, 0.7300755667506297, 0.7324327049097691, 0.731322272498743]
