iteration 0

avarage loss in epoch: 2.9678113801673343 
Accuracy: 0.8988911858673182
Confusion Matrix:
[[  59    1    0 ...    0    0    0]
 [   0 1078    0 ...    0    0    0]
 [   0    0  194 ...    0    0    0]
 ...
 [   0    0   10 ...    0    0    0]
 [   0    0    0 ...    0    0    0]
 [   0    4    0 ...    0    0  474]]
iteration 1

avarage loss in epoch: 2.9309727457942913 
Accuracy: 0.902816930819186
Confusion Matrix:
[[  58    0    0 ...    0    0    0]
 [   0 1066    0 ...    0    0    0]
 [   0    0  195 ...    0    0    0]
 ...
 [   0    0    0 ...    0    0    0]
 [   0    0    2 ...    0    0    0]
 [   0    2    0 ...    0    0  474]]
iteration 2

avarage loss in epoch: 2.924705984908136 
Accuracy: 0.90250370648792
Confusion Matrix:
[[  59    1    0 ...    0    0    0]
 [   0 1087    0 ...    0    0    1]
 [   0    0  191 ...    0    0    0]
 ...
 [   0    0    4 ...    0    0    0]
 [   0    0    1 ...    0    0    0]
 [   0    2    0 ...    0    0  474]]
iteration 3

avarage loss in epoch: 2.9213160478069145 
Accuracy: 0.9052600806030613
Confusion Matrix:
[[  59    0    0 ...    0    0    0]
 [   0 1074    0 ...    0    0    0]
 [   0    0  195 ...    0    0    0]
 ...
 [   0    0    0 ...    0    0    0]
 [   0    0    0 ...    0    0    0]
 [   0    2    0 ...    0    0  474]]
iteration 4

avarage loss in epoch: 2.9195177079507157 
Accuracy: 0.904466578963854
Confusion Matrix:
[[  59    0    0 ...    0    0    0]
 [   0 1071    0 ...    0    0    0]
 [   0    0  194 ...    0    0    0]
 ...
 [   0    0    0 ...    0    0    0]
 [   0    0    0 ...    0    0    0]
 [   0    2    0 ...    0    0  474]]
iteration 5

avarage loss in epoch: 2.91791388721847 
Accuracy: 0.9046127503184448
Confusion Matrix:
[[  59    0    0 ...    0    0    0]
 [   0 1069    0 ...    0    0    0]
 [   0    0  198 ...    0    0    0]
 ...
 [   0    0    0 ...    0    0    0]
 [   0    0    0 ...    0    0    0]
 [   0    1    0 ...    0    0  474]]
iteration 6

avarage loss in epoch: 2.9166296060375707 
Accuracy: 0.9058030027772558
Confusion Matrix:
[[  59    0    0 ...    0    0    0]
 [   0 1081    0 ...    0    0    0]
 [   0    0  189 ...    0    0    0]
 ...
 [   0    0    0 ...    0    0    0]
 [   0    0    1 ...    0    0    0]
 [   0    0    0 ...    0    0  481]]
iteration 7

avarage loss in epoch: 2.9153384059671814 
Accuracy: 0.905656831422665
Confusion Matrix:
[[  59    0    0 ...    0    0    0]
 [   0 1089    0 ...    0    0    0]
 [   0    0  193 ...    0    0    0]
 ...
 [   0    0    0 ...    0    0    0]
 [   0    0    1 ...    0    0    0]
 [   0    0    0 ...    0    0  484]]
iteration 8

avarage loss in epoch: 2.914714833945628 
Accuracy: 0.9030048654179457
Confusion Matrix:
[[  59    0    0 ...    0    0    0]
 [   0 1080    0 ...    0    0    0]
 [   0    0  195 ...    0    0    0]
 ...
 [   0    0    0 ...    0    0    0]
 [   0    0    2 ...    0    0    0]
 [   0    1    0 ...    0    0  484]]
iteration 9

avarage loss in epoch: 2.9137763216558774 
Accuracy: 0.9054688968239053
Confusion Matrix:
[[  59    0    0 ...    0    0    0]
 [   0 1072    0 ...    0    0    0]
 [   0    0  193 ...    0    0    0]
 ...
 [   0    0    0 ...    0    0    0]
 [   0    0    2 ...    0    0    0]
 [   0    3    0 ...    0    0  479]]
iteration 10

avarage loss in epoch: 2.9130322997533336 
Accuracy: 0.905761239533087
Confusion Matrix:
[[  59    0    0 ...    0    0    0]
 [   0 1082    0 ...    0    0    0]
 [   0    0  192 ...    0    0    0]
 ...
 [   0    0    0 ...    0    0    0]
 [   0    0    1 ...    0    0    0]
 [   0    0    0 ...    0    0  484]]
iteration 11

avarage loss in epoch: 2.9124823307426104 
Accuracy: 0.9041324730105035
Confusion Matrix:
[[  59    1    0 ...    0    0    0]
 [   0 1072    0 ...    0    0    0]
 [   0    0  193 ...    0    0    0]
 ...
 [   0    0    0 ...    0    0    0]
 [   0    0    0 ...    0    0    0]
 [   0    0    0 ...    0    0  482]]
iteration 12

avarage loss in epoch: 2.911818738250859 
Accuracy: 0.9051139092484705
Confusion Matrix:
[[  59    0    0 ...    0    0    0]
 [   0 1076    0 ...    0    0    0]
 [   0    0  196 ...    0    0    0]
 ...
 [   0    0    0 ...    0    0    0]
 [   0    0    1 ...    0    0    0]
 [   0    0    0 ...    0    0  486]]
iteration 13

avarage loss in epoch: 2.911383275779875 
Accuracy: 0.905197435736808
Confusion Matrix:
[[  59    1    0 ...    0    0    0]
 [   0 1085    0 ...    0    0    0]
 [   0    0  191 ...    0    0    0]
 ...
 [   0    0    0 ...    0    0    0]
 [   0    0    1 ...    0    0    0]
 [   0    0    0 ...    0    0  483]]
iteration 14

avarage loss in epoch: 2.910994843284892 
Accuracy: 0.9046962768067823
Confusion Matrix:
[[  59    0    0 ...    0    0    0]
 [   0 1073    0 ...    0    0    1]
 [   0    0  193 ...    0    0    0]
 ...
 [   0    0    0 ...    0    0    0]
 [   0    0    3 ...    0    0    0]
 [   0    0    0 ...    0    0  484]]
iteration 15

avarage loss in epoch: 2.910570165178359 
Accuracy: 0.9049677378938796
Confusion Matrix:
[[  58    1    0 ...    0    0    0]
 [   0 1084    0 ...    0    0    1]
 [   0    0  190 ...    0    0    0]
 ...
 [   0    0    0 ...    0    0    0]
 [   0    0    2 ...    0    0    0]
 [   0    0    0 ...    0    0  484]]
iteration 16

avarage loss in epoch: 2.9101984273540817 
Accuracy: 0.9055315416901585
Confusion Matrix:
[[  59    1    0 ...    0    0    0]
 [   0 1071    0 ...    0    0    0]
 [   0    0  196 ...    0    0    0]
 ...
 [   0    0    0 ...    0    0    0]
 [   0    0    0 ...    0    0    0]
 [   0    0    0 ...    0    0  485]]
iteration 17

avarage loss in epoch: 2.909615202029907 
Accuracy: 0.9045918686963603
Confusion Matrix:
[[  59    1    0 ...    0    0    0]
 [   0 1082    0 ...    0    0    1]
 [   0    0  194 ...    0    0    0]
 ...
 [   0    0    0 ...    0    0    0]
 [   0    0    4 ...    0    0    0]
 [   0    0    0 ...    0    0  484]]
iteration 18

avarage loss in epoch: 2.909274891118237 
Accuracy: 0.9049259746497108
Confusion Matrix:
[[  59    1    0 ...    0    0    0]
 [   0 1090    0 ...    0    0    0]
 [   0    0  194 ...    0    0    0]
 ...
 [   0    0    0 ...    0    0    0]
 [   0    0    1 ...    0    0    0]
 [   0    0    0 ...    0    0  485]]
iteration 19

avarage loss in epoch: 2.9088845944093387 
Accuracy: 0.9043621708534318
Confusion Matrix:
[[  59    0    0 ...    0    0    0]
 [   0 1092    0 ...    0    0    0]
 [   0    0  196 ...    0    0    0]
 ...
 [   0    0    0 ...    0    0    0]
 [   0    0    0 ...    0    0    0]
 [   0    0    0 ...    0    0  484]]
iteration 20

avarage loss in epoch: 2.9086469692917 
Accuracy: 0.9058030027772558
Confusion Matrix:
[[  59    1    0 ...    0    0    0]
 [   0 1084    0 ...    0    0    1]
 [   0    0  186 ...    0    0    0]
 ...
 [   0    0    0 ...    0    0    0]
 [   0    0    1 ...    0    0    0]
 [   0    0    0 ...    0    0  485]]
iteration 21

avarage loss in epoch: 2.9084261083905663 
Accuracy: 0.9032972081271273
Confusion Matrix:
[[  59    1    0 ...    0    0    0]
 [   0 1078    0 ...    0    0    2]
 [   0    0  182 ...    0    0    0]
 ...
 [   0    0    0 ...    0    0    1]
 [   0    0    1 ...    0    0    0]
 [   0    0    0 ...    0    0  485]]
iteration 22

avarage loss in epoch: 2.9081606213574243 
Accuracy: 0.9037357221908998
Confusion Matrix:
[[  59    1    0 ...    0    0    0]
 [   0 1085    0 ...    0    0    0]
 [   0    0  188 ...    0    0    0]
 ...
 [   0    0    0 ...    0    0    0]
 [   0    0    2 ...    0    0    0]
 [   0    0    0 ...    0    0  484]]
iteration 23

avarage loss in epoch: 2.907851740102644 
Accuracy: 0.9051765541147236
Confusion Matrix:
[[  59    1    0 ...    0    0    0]
 [   0 1081    0 ...    0    0    0]
 [   0    0  195 ...    0    0    0]
 ...
 [   0    0    0 ...    0    0    0]
 [   0    0    3 ...    0    0    0]
 [   0    0    0 ...    0    0  484]]
iteration 24

avarage loss in epoch: 2.907402217098502 
Accuracy: 0.9059909373760153
Confusion Matrix:
[[  59    1    0 ...    0    0    0]
 [   0 1101    0 ...    0    0    0]
 [   0    0  188 ...    0    0    0]
 ...
 [   0    0    0 ...    0    0    0]
 [   0    0    1 ...    0    0    0]
 [   0    0    0 ...    0    0  485]]
iteration 25

avarage loss in epoch: 2.9074208967210082 
Accuracy: 0.90530184384723
Confusion Matrix:
[[  59    1    0 ...    0    0    0]
 [   0 1083    0 ...    0    0    0]
 [   0    0  193 ...    0    0    0]
 ...
 [   0    0    0 ...    0    0    0]
 [   0    0    1 ...    0    0    0]
 [   0    0    0 ...    0    0  485]]
iteration 26

avarage loss in epoch: 2.9071974911802068 
Accuracy: 0.9041742362546723
Confusion Matrix:
[[  59    0    0 ...    0    0    0]
 [   0 1084    0 ...    0    0    1]
 [   0    0  189 ...    0    0    0]
 ...
 [   0    0    0 ...    0    0    0]
 [   0    0    1 ...    0    0    0]
 [   0    0    0 ...    0    0  483]]
iteration 27

avarage loss in epoch: 2.906887814172128 
Accuracy: 0.9040280649000815
Confusion Matrix:
[[  59    1    0 ...    0    0    0]
 [   0 1085    0 ...    0    0    0]
 [   0    0  192 ...    0    0    0]
 ...
 [   0    0    0 ...    0    0    1]
 [   0    0    0 ...    0    0    0]
 [   0    0    0 ...    0    0  482]]
iteration 28

avarage loss in epoch: 2.9067778252720595 
Accuracy: 0.904675395184698
Confusion Matrix:
[[  59    1    0 ...    0    0    0]
 [   0 1084    0 ...    0    0    1]
 [   0    0  192 ...    0    0    0]
 ...
 [   0    0    0 ...    0    0    0]
 [   0    0    0 ...    0    0    0]
 [   0    0    0 ...    0    0  483]]
iteration 29

avarage loss in epoch: 2.906422955477684 
Accuracy: 0.9040489465221658
Confusion Matrix:
[[  59    0    0 ...    0    0    0]
 [   0 1075    0 ...    0    0    2]
 [   0    0  189 ...    0    0    0]
 ...
 [   0    0    0 ...    0    0    1]
 [   0    0    2 ...    0    0    0]
 [   0    0    0 ...    0    0  483]]
iteration 30

avarage loss in epoch: 2.9064235809416625 
Accuracy: 0.9051347908705548
Confusion Matrix:
[[  59    0    0 ...    0    0    0]
 [   0 1087    0 ...    0    0    1]
 [   0    0  188 ...    0    0    0]
 ...
 [   0    0    0 ...    0    0    1]
 [   0    0    0 ...    0    0    0]
 [   0    1    0 ...    0    0  483]]
iteration 31

avarage loss in epoch: 2.9061731303852816 
Accuracy: 0.9051556724926392
Confusion Matrix:
[[  59    1    0 ...    0    0    0]
 [   0 1070    0 ...    0    0    2]
 [   0    0  189 ...    0    0    0]
 ...
 [   0    0    0 ...    0    0    2]
 [   0    0    1 ...    0    0    0]
 [   0    0    0 ...    0    0  483]]
iteration 32

avarage loss in epoch: 2.9059722235745555 
Accuracy: 0.9063041617072815
Confusion Matrix:
[[  59    1    0 ...    0    0    0]
 [   0 1080    0 ...    0    0    1]
 [   0    0  190 ...    0    0    0]
 ...
 [   0    0    0 ...    0    0    3]
 [   0    0    0 ...    0    0    0]
 [   0    1    0 ...    0    0  480]]
iteration 33

avarage loss in epoch: 2.9058366007088057 
Accuracy: 0.9042995259871787
Confusion Matrix:
[[  58    1    1 ...    0    0    0]
 [   0 1069    0 ...    0    0    1]
 [   0    0  192 ...    0    0    0]
 ...
 [   0    0    0 ...    0    0    0]
 [   0    0    1 ...    0    0    0]
 [   0    1    0 ...    0    0  480]]
iteration 34

avarage loss in epoch: 2.905872536880238 
Accuracy: 0.9054688968239053
Confusion Matrix:
[[  59    1    0 ...    0    0    0]
 [   0 1090    0 ...    0    0    2]
 [   0    0  189 ...    0    0    0]
 ...
 [   0    0    0 ...    0    0    0]
 [   0    0    0 ...    0    0    0]
 [   0    1    0 ...    0    0  483]]
loss list: [2.9678113801673343, 2.9309727457942913, 2.924705984908136, 2.9213160478069145, 2.9195177079507157, 2.91791388721847, 2.9166296060375707, 2.9153384059671814, 2.914714833945628, 2.9137763216558774, 2.9130322997533336, 2.9124823307426104, 2.911818738250859, 2.911383275779875, 2.910994843284892, 2.910570165178359, 2.9101984273540817, 2.909615202029907, 2.909274891118237, 2.9088845944093387, 2.9086469692917, 2.9084261083905663, 2.9081606213574243, 2.907851740102644, 2.907402217098502, 2.9074208967210082, 2.9071974911802068, 2.906887814172128, 2.9067778252720595, 2.906422955477684, 2.9064235809416625, 2.9061731303852816, 2.9059722235745555, 2.9058366007088057, 2.905872536880238]
accuracy list: [0.8988911858673182, 0.902816930819186, 0.90250370648792, 0.9052600806030613, 0.904466578963854, 0.9046127503184448, 0.9058030027772558, 0.905656831422665, 0.9030048654179457, 0.9054688968239053, 0.905761239533087, 0.9041324730105035, 0.9051139092484705, 0.905197435736808, 0.9046962768067823, 0.9049677378938796, 0.9055315416901585, 0.9045918686963603, 0.9049259746497108, 0.9043621708534318, 0.9058030027772558, 0.9032972081271273, 0.9037357221908998, 0.9051765541147236, 0.9059909373760153, 0.90530184384723, 0.9041742362546723, 0.9040280649000815, 0.904675395184698, 0.9040489465221658, 0.9051347908705548, 0.9051556724926392, 0.9063041617072815, 0.9042995259871787, 0.9054688968239053]
