iteration 0

avarage loss in epoch: 2.977401562293021 
Accuracy: 0.8953204284908852
Confusion Matrix:
[[  59    0    0 ...    0    0    0]
 [   0 1053    0 ...    0    0    2]
 [   0    0  193 ...    0    0    0]
 ...
 [   0    3    0 ...    0    0    0]
 [   0    0    0 ...    0    0    0]
 [   0    0    0 ...    0    0  481]]
iteration 1

avarage loss in epoch: 2.936299688221885 
Accuracy: 0.9020651924241475
Confusion Matrix:
[[  59    0    0 ...    0    0    0]
 [   0 1081    0 ...    0    0    0]
 [   0    0  191 ...    0    0    0]
 ...
 [   0    0    0 ...    0    0    0]
 [   0    0    0 ...    0    0    0]
 [   0    0    0 ...    0    0  484]]
iteration 2

avarage loss in epoch: 2.9283325914018676 
Accuracy: 0.9050512643822172
Confusion Matrix:
[[  59    0    0 ...    0    0    0]
 [   0 1087    0 ...    0    0    0]
 [   0    0  190 ...    0    0    0]
 ...
 [   0    2    1 ...    0    0    0]
 [   0    0    0 ...    0    0    0]
 [   0    0    0 ...    0    0  482]]
iteration 3

avarage loss in epoch: 2.924045522818839 
Accuracy: 0.901209045918687
Confusion Matrix:
[[  59    0    0 ...    0    0    0]
 [   0 1068    0 ...    0    0    2]
 [   0    0  192 ...    0    0    0]
 ...
 [   0    0    5 ...    0    0    0]
 [   0    0    0 ...    0    0    0]
 [   0    0    0 ...    0    0  484]]
iteration 4

avarage loss in epoch: 2.9220951724687545 
Accuracy: 0.9001858464365512
Confusion Matrix:
[[  59    0    0 ...    0    0    0]
 [   0 1066    0 ...    0    0    2]
 [   0    0  198 ...    0    0    0]
 ...
 [   0    0    3 ...    0    0    2]
 [   0    0    0 ...    0    0    0]
 [   0    0    0 ...    0    0  485]]
iteration 5

avarage loss in epoch: 2.9205778965855465 
Accuracy: 0.9017728497149659
Confusion Matrix:
[[  59    0    0 ...    0    0    0]
 [   0 1079    0 ...    0    0    3]
 [   0    0  192 ...    0    0    0]
 ...
 [   0    0    0 ...    0    0    0]
 [   0    0    0 ...    0    0    0]
 [   0    1    0 ...    0    0  484]]
iteration 6

avarage loss in epoch: 2.9195697400972636 
Accuracy: 0.9013343356511934
Confusion Matrix:
[[  59    0    0 ...    0    0    0]
 [   0 1083    0 ...    0    0    1]
 [   0    0  190 ...    0    0    0]
 ...
 [   0    0    0 ...    0    0    0]
 [   0    0    0 ...    0    0    0]
 [   0    1    0 ...    0    0  482]]
iteration 7

avarage loss in epoch: 2.9183654966473442 
Accuracy: 0.9009793480757585
Confusion Matrix:
[[  59    0    0 ...    0    0    0]
 [   0 1090    0 ...    0    0    1]
 [   0    0  191 ...    0    0    0]
 ...
 [   0    0    0 ...    0    0    0]
 [   0    0    0 ...    0    0    0]
 [   0    2    0 ...    0    0  481]]
iteration 8

avarage loss in epoch: 2.9175954782187294 
Accuracy: 0.9024410616216668
Confusion Matrix:
[[  59    0    0 ...    0    0    0]
 [   0 1085    0 ...    0    0    1]
 [   0    0  197 ...    0    0    0]
 ...
 [   0    0    0 ...    0    0    0]
 [   0    0    0 ...    0    0    0]
 [   0    0    0 ...    0    0  485]]
iteration 9

avarage loss in epoch: 2.916934536928554 
Accuracy: 0.9034433794817182
Confusion Matrix:
[[  59    0    0 ...    0    0    0]
 [   0 1078    0 ...    0    0    1]
 [   0    0  195 ...    0    0    0]
 ...
 [   0    0    1 ...    0    0    0]
 [   0    0    0 ...    0    0    0]
 [   0    0    0 ...    0    0  485]]
iteration 10

avarage loss in epoch: 2.9160455648832775 
Accuracy: 0.9014805070057842
Confusion Matrix:
[[  58    0    0 ...    0    0    0]
 [   0 1088    0 ...    0    0    0]
 [   0    0  199 ...    0    0    0]
 ...
 [   0    0    0 ...    0    0    0]
 [   0    0    0 ...    0    0    0]
 [   0    1    0 ...    0    0  484]]
iteration 11

avarage loss in epoch: 2.915381180894192 
Accuracy: 0.9028795756854392
Confusion Matrix:
[[  59    0    0 ...    0    0    0]
 [   0 1089    0 ...    0    0    0]
 [   0    0  192 ...    0    0    0]
 ...
 [   0    0    0 ...    0    0    0]
 [   0    0    0 ...    0    0    0]
 [   0    0    0 ...    0    0  485]]
iteration 12

avarage loss in epoch: 2.914803014376817 
Accuracy: 0.9023784167554135
Confusion Matrix:
[[  59    0    0 ...    0    0    0]
 [   0 1079    0 ...    0    0    1]
 [   0    0  189 ...    0    0    0]
 ...
 [   0    0    0 ...    0    0    0]
 [   0    0    0 ...    0    0    0]
 [   0    0    0 ...    0    0  485]]
iteration 13

avarage loss in epoch: 2.9143358791388665 
Accuracy: 0.9021278372904007
Confusion Matrix:
[[  59    0    0 ...    0    0    0]
 [   0 1064    0 ...    0    0    2]
 [   0    0  192 ...    0    0    0]
 ...
 [   0    0    0 ...    0    0    0]
 [   0    0    0 ...    0    0    0]
 [   0    0    0 ...    0    0  486]]
iteration 14

avarage loss in epoch: 2.914079665765589 
Accuracy: 0.9020443108020632
Confusion Matrix:
[[  59    0    0 ...    0    0    0]
 [   0 1077    0 ...    0    0    2]
 [   0    0  195 ...    0    0    0]
 ...
 [   0    0    0 ...    0    0    0]
 [   0    0    0 ...    0    0    0]
 [   0    0    0 ...    0    0  486]]
iteration 15

avarage loss in epoch: 2.9134395668276762 
Accuracy: 0.9016475599824595
Confusion Matrix:
[[  58    0    0 ...    0    0    0]
 [   0 1093    0 ...    0    0    2]
 [   0    0  194 ...    0    0    0]
 ...
 [   0    0    0 ...    0    0    0]
 [   0    0    0 ...    0    0    0]
 [   0    0    0 ...    0    0  485]]
iteration 16

avarage loss in epoch: 2.913165010089027 
Accuracy: 0.900645242122408
Confusion Matrix:
[[  59    0    0 ...    0    0    0]
 [   0 1088    0 ...    0    0    2]
 [   0    1  193 ...    0    0    0]
 ...
 [   0    0    0 ...    0    0    0]
 [   0    0    0 ...    0    0    0]
 [   0    0    0 ...    0    0  484]]
iteration 17

avarage loss in epoch: 2.9129997499405524 
Accuracy: 0.9002484913028044
Confusion Matrix:
[[  59    0    0 ...    0    0    1]
 [   0 1076    0 ...    0    0    1]
 [   0    0  197 ...    0    0    0]
 ...
 [   0    0    0 ...    0    0    0]
 [   0    0    0 ...    0    0    0]
 [   0    1    0 ...    0    0  485]]
iteration 18

avarage loss in epoch: 2.9125647131590413 
Accuracy: 0.9017937313370502
Confusion Matrix:
[[  58    0    0 ...    0    0    0]
 [   0 1060    0 ...    0    0    2]
 [   0    0  197 ...    0    0    0]
 ...
 [   0    0    0 ...    0    0    0]
 [   3    0    0 ...    0    0    0]
 [   0    1    0 ...    0    0  483]]
iteration 19

avarage loss in epoch: 2.912258639033127 
Accuracy: 0.9010211113199273
Confusion Matrix:
[[  59    0    0 ...    0    0    0]
 [   0 1079    0 ...    0    0    1]
 [   0    0  189 ...    0    0    0]
 ...
 [   0    0    0 ...    0    0    0]
 [   0    0    0 ...    0    0    0]
 [   0    0    0 ...    0    0  486]]
iteration 20

avarage loss in epoch: 2.911861442152102 
Accuracy: 0.9015849151162062
Confusion Matrix:
[[  59    0    0 ...    0    0    0]
 [   0 1081    0 ...    0    0    1]
 [   0    0  196 ...    0    0    0]
 ...
 [   0    2    1 ...    0    0    0]
 [   1    0    0 ...    0    0    0]
 [   0    0    0 ...    0    0  485]]
iteration 21

avarage loss in epoch: 2.911795158074507 
Accuracy: 0.9021696005345695
Confusion Matrix:
[[  59    0    0 ...    0    0    1]
 [   0 1078    0 ...    0    0    2]
 [   0    0  194 ...    0    0    0]
 ...
 [   0    0    0 ...    0    0    0]
 [   0    0    0 ...    0    0    0]
 [   0    0    0 ...    0    0  485]]
iteration 22

avarage loss in epoch: 2.9112699583329253 
Accuracy: 0.9007078869886613
Confusion Matrix:
[[  58    0    0 ...    0    0    0]
 [   0 1069    0 ...    0    0    4]
 [   0    0  189 ...    0    0    0]
 ...
 [   0    0   10 ...    0    0    0]
 [   0    0    0 ...    0    0    0]
 [   0    0    0 ...    0    0  486]]
iteration 23

avarage loss in epoch: 2.9110078074494705 
Accuracy: 0.9007078869886613
Confusion Matrix:
[[  59    0    0 ...    0    0    0]
 [   0 1072    0 ...    0    0    2]
 [   0    0  195 ...    0    0    0]
 ...
 [   0    0    0 ...    0    0    0]
 [   0    0    0 ...    0    0    0]
 [   0    1    0 ...    0    0  485]]
iteration 24

avarage loss in epoch: 2.910967390166086 
Accuracy: 0.9010837561861805
Confusion Matrix:
[[  58    0    0 ...    0    0    0]
 [   0 1087    0 ...    0    0    1]
 [   0    0  195 ...    0    0    0]
 ...
 [   0    0    0 ...    0    0    0]
 [   0    0    0 ...    0    0    0]
 [   0    1    0 ...    0    0  484]]
iteration 25

avarage loss in epoch: 2.9106596818153623 
Accuracy: 0.9018563762033035
Confusion Matrix:
[[  59    0    0 ...    0    0    0]
 [   0 1078    0 ...    0    0    1]
 [   0    0  193 ...    0    0    0]
 ...
 [   0    0    0 ...    0    0    0]
 [   0    0    0 ...    0    0    0]
 [   0    2    0 ...    0    0  483]]
iteration 26

avarage loss in epoch: 2.9105939055908214 
Accuracy: 0.9007914134769989
Confusion Matrix:
[[  59    0    0 ...    0    0    0]
 [   0 1081    0 ...    0    0    2]
 [   0    0  191 ...    0    0    0]
 ...
 [   0    0    0 ...    0    0    0]
 [   0    0    0 ...    0    0    0]
 [   0    1    0 ...    0    0  484]]
iteration 27

avarage loss in epoch: 2.910436441474906 
Accuracy: 0.9018772578253879
Confusion Matrix:
[[  59    0    0 ...    0    0    0]
 [   0 1084    0 ...    0    0    1]
 [   0    0  191 ...    0    0    0]
 ...
 [   0    0    0 ...    0    0    0]
 [   0    0    0 ...    0    0    0]
 [   0    0    0 ...    0    0  486]]
iteration 28

avarage loss in epoch: 2.9101629408983416 
Accuracy: 0.9020860740462319
Confusion Matrix:
[[  59    0    0 ...    0    0    0]
 [   0 1072    0 ...    0    0    2]
 [   0    0  196 ...    0    0    0]
 ...
 [   0    0   10 ...    0    0    0]
 [   0    0    0 ...    0    0    0]
 [   0    0    0 ...    0    0  485]]
iteration 29

avarage loss in epoch: 2.910020848313319 
Accuracy: 0.9021487189124852
Confusion Matrix:
[[  59    0    0 ...    0    0    0]
 [   0 1082    0 ...    0    0    1]
 [   0    0  194 ...    0    0    0]
 ...
 [   0    0    0 ...    0    0    0]
 [   0    0    0 ...    0    0    0]
 [   0    0    0 ...    0    0  485]]
iteration 30

avarage loss in epoch: 2.9101618949712913 
Accuracy: 0.9020860740462319
Confusion Matrix:
[[  59    0    0 ...    0    0    0]
 [   0 1082    0 ...    0    0    0]
 [   0    0  197 ...    0    0    0]
 ...
 [   0    5    0 ...    0    0    0]
 [   0    0    0 ...    0    0    0]
 [   0    1    0 ...    0    0  483]]
iteration 31

avarage loss in epoch: 2.9099365500532404 
Accuracy: 0.901939902691641
Confusion Matrix:
[[  59    0    0 ...    0    0    0]
 [   0 1092    0 ...    0    0    2]
 [   0    0  195 ...    0    0    0]
 ...
 [   0    0    0 ...    0    0    0]
 [   0    0    0 ...    0    0    0]
 [   0    0    0 ...    0    0  486]]
iteration 32

avarage loss in epoch: 2.9098801919143904 
Accuracy: 0.9007078869886613
Confusion Matrix:
[[  59    1    0 ...    0    0    0]
 [   0 1082    0 ...    0    0    0]
 [   0    0  191 ...    0    0    0]
 ...
 [   0    5    0 ...    0    0    0]
 [   0    0    0 ...    0    0    0]
 [   0    0    0 ...    0    0  485]]
iteration 33

avarage loss in epoch: 2.90953410722772 
Accuracy: 0.90074965023283
Confusion Matrix:
[[  59    0    0 ...    0    0    0]
 [   0 1084    0 ...    0    0    0]
 [   0    0  193 ...    0    0    0]
 ...
 [   0    1    0 ...    0    0    0]
 [   0    0    0 ...    0    0    0]
 [   0    0    0 ...    0    0  485]]
iteration 34

avarage loss in epoch: 2.909377121530414 
Accuracy: 0.8999561485936227
Confusion Matrix:
[[  59    0    0 ...    0    0    0]
 [   0 1089    0 ...    0    0    1]
 [   0    0  193 ...    0    0    0]
 ...
 [   0    1    0 ...    0    0    0]
 [   0    0    0 ...    0    0    0]
 [   0    1    0 ...    0    0  484]]
loss list: [2.977401562293021, 2.936299688221885, 2.9283325914018676, 2.924045522818839, 2.9220951724687545, 2.9205778965855465, 2.9195697400972636, 2.9183654966473442, 2.9175954782187294, 2.916934536928554, 2.9160455648832775, 2.915381180894192, 2.914803014376817, 2.9143358791388665, 2.914079665765589, 2.9134395668276762, 2.913165010089027, 2.9129997499405524, 2.9125647131590413, 2.912258639033127, 2.911861442152102, 2.911795158074507, 2.9112699583329253, 2.9110078074494705, 2.910967390166086, 2.9106596818153623, 2.9105939055908214, 2.910436441474906, 2.9101629408983416, 2.910020848313319, 2.9101618949712913, 2.9099365500532404, 2.9098801919143904, 2.90953410722772, 2.909377121530414]
accuracy list: [0.8953204284908852, 0.9020651924241475, 0.9050512643822172, 0.901209045918687, 0.9001858464365512, 0.9017728497149659, 0.9013343356511934, 0.9009793480757585, 0.9024410616216668, 0.9034433794817182, 0.9014805070057842, 0.9028795756854392, 0.9023784167554135, 0.9021278372904007, 0.9020443108020632, 0.9016475599824595, 0.900645242122408, 0.9002484913028044, 0.9017937313370502, 0.9010211113199273, 0.9015849151162062, 0.9021696005345695, 0.9007078869886613, 0.9007078869886613, 0.9010837561861805, 0.9018563762033035, 0.9007914134769989, 0.9018772578253879, 0.9020860740462319, 0.9021487189124852, 0.9020860740462319, 0.901939902691641, 0.9007078869886613, 0.90074965023283, 0.8999561485936227]
