iteration 0

avarage loss in epoch: 3.0717543156629388 
Accuracy: 0.8793459875963164
Confusion Matrix:
[[  72    0    0 ...    0    1    0]
 [   0    0    0 ...    0    0    0]
 [   0    0  761 ...    0    0    5]
 ...
 [   0    0    0 ...    0    0    0]
 [   0    0    0 ...    0 1188    2]
 [   0    0    0 ...    0    3 3983]]
iteration 1

avarage loss in epoch: 2.941614922952165 
Accuracy: 0.8977844598968447
Confusion Matrix:
[[  75    0    0 ...    0    0    2]
 [   0    0    0 ...    0    0    0]
 [   0    0  810 ...    0    0    0]
 ...
 [   0    0    1 ...    0    0    0]
 [   0    0    0 ...    0 1188    2]
 [   0    0    0 ...    0    0 3988]]
iteration 2

avarage loss in epoch: 2.927056388944286 
Accuracy: 0.9052183173588925
Confusion Matrix:
[[  86    0    0 ...    0    0    1]
 [   0    0    0 ...    0    0    0]
 [   0    0  823 ...    0    0    0]
 ...
 [   0    0    0 ...    0    0    0]
 [   0    0    0 ...    0 1188    2]
 [   0    0    0 ...    0    0 3987]]
iteration 3

avarage loss in epoch: 2.91893730423372 
Accuracy: 0.9089143644678319
Confusion Matrix:
[[  88    0    0 ...    0    1    1]
 [   0    0    0 ...    0    0    0]
 [   0    0  847 ...    0    1    0]
 ...
 [   0    0    0 ...    0    0    0]
 [   0    0    0 ...    0 1191    2]
 [   0    0    0 ...    0    3 3986]]
iteration 4

avarage loss in epoch: 2.9146836697125003 
Accuracy: 0.9115663304725511
Confusion Matrix:
[[  88    0    0 ...    0    0    2]
 [   0    0    0 ...    0    0    0]
 [   0    0  858 ...    0    0    0]
 ...
 [   0    0    0 ...    0    0    0]
 [   1    0    0 ...    0 1190    1]
 [   0    0    0 ...    0    2 3987]]
iteration 5

avarage loss in epoch: 2.911499075633849 
Accuracy: 0.9140930067447639
Confusion Matrix:
[[ 110    0    0 ...    0    0    0]
 [   0    0    0 ...    0    0    0]
 [   0    0  836 ...    0    0    0]
 ...
 [   0    0    0 ...    0    0    0]
 [   2    0    0 ...    0 1190    2]
 [   0    0    0 ...    0    0 3989]]
iteration 6

avarage loss in epoch: 2.9079682432647864 
Accuracy: 0.9156382467790098
Confusion Matrix:
[[ 110    0    0 ...    0    0    0]
 [   0    0    0 ...    0    0    0]
 [   0    0  846 ...    0    0    0]
 ...
 [   0    0    0 ...    0    0    0]
 [   1    0    0 ...    0 1190    1]
 [   0    0    0 ...    0    0 3989]]
iteration 7

avarage loss in epoch: 2.906176938904739 
Accuracy: 0.9166405646390612
Confusion Matrix:
[[ 111    0    0 ...    0    0    0]
 [   0    0    0 ...    0    0    0]
 [   0    0  830 ...    0    0    0]
 ...
 [   0    0    0 ...    0    0    0]
 [   2    0    0 ...    0 1191    2]
 [   0    0    0 ...    0    1 3988]]
iteration 8

avarage loss in epoch: 2.904715442131448 
Accuracy: 0.9166405646390612
Confusion Matrix:
[[ 111    0    0 ...    0    0    0]
 [   0    0    0 ...    0    0    0]
 [   0    0  838 ...    0    0    0]
 ...
 [   0    0    0 ...    0    0    1]
 [   1    0    0 ...    0 1190    1]
 [   0    0    0 ...    0    1 3984]]
iteration 9

avarage loss in epoch: 2.9039208067244893 
Accuracy: 0.9179978700745474
Confusion Matrix:
[[ 111    0    0 ...    0    0    0]
 [   0    0    0 ...    0    0    0]
 [   0    0  867 ...    0    0    0]
 ...
 [   0    0    0 ...    0    0    1]
 [   0    0    0 ...    0 1191    2]
 [   0    0    0 ...    0    1 3985]]
iteration 10

avarage loss in epoch: 2.902625872864558 
Accuracy: 0.9190419511787675
Confusion Matrix:
[[ 110    0    0 ...    0    0    0]
 [   0    0    0 ...    0    0    0]
 [   0    0  866 ...    0    0    0]
 ...
 [   0    0    0 ...    0    0    1]
 [   0    0    0 ...    0 1192    1]
 [   0    0    0 ...    0    1 3984]]
iteration 11

avarage loss in epoch: 2.9018254914023953 
Accuracy: 0.9181649230512227
Confusion Matrix:
[[ 111    0    0 ...    0    0    0]
 [   0    0    0 ...    0    0    0]
 [   0    0  844 ...    0    0    0]
 ...
 [   0    0    0 ...    0    0    0]
 [   0    0    0 ...    0 1191    2]
 [   0    0    0 ...    0    2 3987]]
iteration 12

avarage loss in epoch: 2.901108840808154 
Accuracy: 0.9185616738708263
Confusion Matrix:
[[ 111    0    0 ...    0    0    0]
 [   0    0    0 ...    0    0    0]
 [   0    0  835 ...    0    1    0]
 ...
 [   0    0    0 ...    0    0    0]
 [   0    0    0 ...    0 1190    1]
 [   0    0    0 ...    0    3 3987]]
iteration 13

avarage loss in epoch: 2.9002546835415886 
Accuracy: 0.9197101630854685
Confusion Matrix:
[[ 111    0    1 ...    0    0    0]
 [   0    0    0 ...    0    0    0]
 [   0    0  853 ...    0    0    0]
 ...
 [   0    0    0 ...    0    0    0]
 [   0    0    0 ...    0 1191    2]
 [   0    0    0 ...    0    2 3986]]
iteration 14

avarage loss in epoch: 2.8994538706984208 
Accuracy: 0.9205036647246758
Confusion Matrix:
[[ 111    0    0 ...    0    0    0]
 [   0    0    0 ...    0    0    0]
 [   0    0  855 ...    0    0    0]
 ...
 [   0    0    0 ...    0    0    0]
 [   0    0    0 ...    0 1191    2]
 [   0    0    0 ...    0    1 3985]]
iteration 15

avarage loss in epoch: 2.898704015877136 
Accuracy: 0.9199189793063125
Confusion Matrix:
[[ 111    0    0 ...    0    0    0]
 [   0    0    0 ...    0    0    0]
 [   0    0  851 ...    0    0    0]
 ...
 [   0    0    1 ...    0    0    0]
 [   0    0    0 ...    0 1191    2]
 [   0    0    0 ...    0    2 3986]]
iteration 16

avarage loss in epoch: 2.8981477545233916 
Accuracy: 0.9201277955271565
Confusion Matrix:
[[ 111    0    0 ...    0    0    0]
 [   0    0    0 ...    0    0    0]
 [   0    0  853 ...    0    0    0]
 ...
 [   0    0    0 ...    0    0    0]
 [   0    0    0 ...    0 1191    2]
 [   0    0    0 ...    0    0 3982]]
iteration 17

avarage loss in epoch: 2.897832314649789 
Accuracy: 0.9203783749921693
Confusion Matrix:
[[ 111    0    0 ...    0    0    0]
 [   0    0    0 ...    0    0    0]
 [   0    0  857 ...    0    0    0]
 ...
 [   0    0    0 ...    0    0    0]
 [   0    0    0 ...    0 1190    2]
 [   0    0    0 ...    0    0 3987]]
iteration 18

avarage loss in epoch: 2.897517584780153 
Accuracy: 0.920461901480507
Confusion Matrix:
[[ 111    0    0 ...    0    0    0]
 [   0    0    0 ...    0    0    0]
 [   0    0  866 ...    0    1    0]
 ...
 [   0    0    0 ...    0    0    0]
 [   0    0    0 ...    0 1190    2]
 [   0    0    0 ...    0    2 3985]]
iteration 19

avarage loss in epoch: 2.8971221713216027 
Accuracy: 0.9201695587713253
Confusion Matrix:
[[ 110    0    1 ...    0    0    0]
 [   0    0    0 ...    0    0    0]
 [   0    0  865 ...    0    0    0]
 ...
 [   0    0    0 ...    0    0    0]
 [   0    0    0 ...    0 1190    2]
 [   0    0    0 ...    0    1 3988]]
iteration 20

avarage loss in epoch: 2.8967294275303974 
Accuracy: 0.920775125811773
Confusion Matrix:
[[ 111    0    1 ...    0    0    0]
 [   0    0    0 ...    0    0    0]
 [   0    0  867 ...    0    0    0]
 ...
 [   0    0    0 ...    0    0    1]
 [   0    0    0 ...    0 1191    2]
 [   0    0    0 ...    0    1 3984]]
iteration 21

avarage loss in epoch: 2.896488719491899 
Accuracy: 0.9203366117480006
Confusion Matrix:
[[ 111    0    1 ...    0    0    0]
 [   0    0    0 ...    0    0    0]
 [   0    0  866 ...    0    0    1]
 ...
 [   0    0    0 ...    0    0    0]
 [   0    0    0 ...    0 1189    2]
 [   0    0    0 ...    0    1 3987]]
iteration 22

avarage loss in epoch: 2.8962572359910213 
Accuracy: 0.9211718766313767
Confusion Matrix:
[[ 111    0    1 ...    0    0    0]
 [   0    0    0 ...    0    0    0]
 [   0    0  878 ...    0    0    0]
 ...
 [   0    0    0 ...    0    0    0]
 [   0    0    0 ...    0 1189    3]
 [   0    0    0 ...    0    1 3989]]
iteration 23

avarage loss in epoch: 2.8959402449758858 
Accuracy: 0.9204410198584226
Confusion Matrix:
[[ 111    0    1 ...    0    0    0]
 [   0    0    0 ...    0    0    0]
 [   0    0  858 ...    0    0    0]
 ...
 [   0    0    0 ...    0    0    0]
 [   0    0    0 ...    0 1190    2]
 [   0    0    0 ...    0    1 3987]]
iteration 24

avarage loss in epoch: 2.8958640584254915 
Accuracy: 0.9204410198584226
Confusion Matrix:
[[ 111    0    0 ...    0    0    0]
 [   0    0    0 ...    0    0    0]
 [   0    0  853 ...    0    1    0]
 ...
 [   0    0    0 ...    0    0    0]
 [   0    0    0 ...    0 1190    3]
 [   0    0    0 ...    0    1 3984]]
iteration 25

avarage loss in epoch: 2.8955082489805513 
Accuracy: 0.9208586523001107
Confusion Matrix:
[[ 111    0    0 ...    0    0    0]
 [   0    0    0 ...    0    0    0]
 [   0    0  862 ...    0    1    0]
 ...
 [   0    0    0 ...    0    0    0]
 [   0    0    0 ...    0 1190    3]
 [   0    0    0 ...    0    1 3985]]
iteration 26

avarage loss in epoch: 2.8951630164677793 
Accuracy: 0.920044269038819
Confusion Matrix:
[[ 111    0    0 ...    0    0    0]
 [   0    0    0 ...    0    0   10]
 [   0    0  854 ...    0    0    0]
 ...
 [   0    0    0 ...    0    0    1]
 [   0    0    0 ...    0 1191    3]
 [   0    0    0 ...    0    1 4035]]
iteration 27

avarage loss in epoch: 2.8942425663706666 
Accuracy: 0.9208586523001107
Confusion Matrix:
[[ 111    0    0 ...    0    0    0]
 [   0    0    0 ...    0    0   11]
 [   0    0  866 ...    0    0    1]
 ...
 [   0    0    0 ...    0    0    0]
 [   0    0    0 ...    0 1191    2]
 [   0    0    0 ...    0    0 4036]]
iteration 28

avarage loss in epoch: 2.8941204212901948 
Accuracy: 0.9217356804276556
Confusion Matrix:
[[ 111    0    0 ...    0    0    0]
 [   0    0    0 ...    0    0   12]
 [   0    0  863 ...    0    1    0]
 ...
 [   0    0    0 ...    0    0    0]
 [   0    0    0 ...    0 1191    2]
 [   0    0    0 ...    0    0 4036]]
iteration 29

avarage loss in epoch: 2.893968280772684 
Accuracy: 0.9223412474681033
Confusion Matrix:
[[ 111    0    0 ...    0    0    0]
 [   0    0    0 ...    0    0   12]
 [   0    0  859 ...    0    0    0]
 ...
 [   0    0    0 ...    0    0    0]
 [   0    0    0 ...    0 1190    2]
 [   0    0    0 ...    0    0 4038]]
iteration 30

avarage loss in epoch: 2.893837955309909 
Accuracy: 0.9222368393576813
Confusion Matrix:
[[ 111    0    0 ...    0    0    0]
 [   0    0    0 ...    0    0   12]
 [   1    0  866 ...    0    0    0]
 ...
 [   0    0    2 ...    0    0    0]
 [   0    0    0 ...    0 1189    3]
 [   0    0    0 ...    0    1 4035]]
iteration 31

avarage loss in epoch: 2.8936468072480834 
Accuracy: 0.9222577209797657
Confusion Matrix:
[[ 111    0    0 ...    0    0    0]
 [   0    0    0 ...    0    0   12]
 [   0    0  861 ...    0    0    2]
 ...
 [   0    0    0 ...    0    0    0]
 [   0    0    0 ...    0 1191    2]
 [   0    0    0 ...    0    0 4036]]
iteration 32

avarage loss in epoch: 2.8934262812086864 
Accuracy: 0.922633590177285
Confusion Matrix:
[[ 111    0    0 ...    0    0    0]
 [   0    0    0 ...    0    0   12]
 [   1    0  854 ...    0    0    0]
 ...
 [   0    0    0 ...    0    0    0]
 [   0    0    0 ...    0 1191    2]
 [   0    0    0 ...    0    0 4035]]
iteration 33

avarage loss in epoch: 2.8933875282949404 
Accuracy: 0.9226753534214538
Confusion Matrix:
[[ 111    0    0 ...    0    0    0]
 [   0    0    0 ...    0    0   12]
 [   1    0  868 ...    0    0    0]
 ...
 [   0    0    0 ...    0    0    0]
 [   0    0    0 ...    0 1191    4]
 [   0    0    1 ...    0    0 4038]]
iteration 34

avarage loss in epoch: 2.8932062544343013 
Accuracy: 0.9219236150264153
Confusion Matrix:
[[ 111    0    0 ...    0    0    0]
 [   0    0    0 ...    0    0   11]
 [   1    0  879 ...    0    0    0]
 ...
 [   0    0    0 ...    0    0    0]
 [   0    0    0 ...    0 1193    2]
 [   0    0    1 ...    0    1 4034]]
loss list: [3.0717543156629388, 2.941614922952165, 2.927056388944286, 2.91893730423372, 2.9146836697125003, 2.911499075633849, 2.9079682432647864, 2.906176938904739, 2.904715442131448, 2.9039208067244893, 2.902625872864558, 2.9018254914023953, 2.901108840808154, 2.9002546835415886, 2.8994538706984208, 2.898704015877136, 2.8981477545233916, 2.897832314649789, 2.897517584780153, 2.8971221713216027, 2.8967294275303974, 2.896488719491899, 2.8962572359910213, 2.8959402449758858, 2.8958640584254915, 2.8955082489805513, 2.8951630164677793, 2.8942425663706666, 2.8941204212901948, 2.893968280772684, 2.893837955309909, 2.8936468072480834, 2.8934262812086864, 2.8933875282949404, 2.8932062544343013]
accuracy list: [0.8793459875963164, 0.8977844598968447, 0.9052183173588925, 0.9089143644678319, 0.9115663304725511, 0.9140930067447639, 0.9156382467790098, 0.9166405646390612, 0.9166405646390612, 0.9179978700745474, 0.9190419511787675, 0.9181649230512227, 0.9185616738708263, 0.9197101630854685, 0.9205036647246758, 0.9199189793063125, 0.9201277955271565, 0.9203783749921693, 0.920461901480507, 0.9201695587713253, 0.920775125811773, 0.9203366117480006, 0.9211718766313767, 0.9204410198584226, 0.9204410198584226, 0.9208586523001107, 0.920044269038819, 0.9208586523001107, 0.9217356804276556, 0.9223412474681033, 0.9222368393576813, 0.9222577209797657, 0.922633590177285, 0.9226753534214538, 0.9219236150264153]
