iteration 0

avarage loss in epoch: 1.041881868756472 
Accuracy: 0.36049382716049383
Confusion Matrix:
[[   2  134  129  908   95]
 [   0 1037  167  735  155]
 [   0   74 1592 1376  107]
 [   0   51  191    0   65]
 [   0   92  190 1229  581]]
iteration 1

avarage loss in epoch: 0.9814362096036896 
Accuracy: 0.5345790133302951
Confusion Matrix:
[[ 571  109   45  466   77]
 [  72 1321  101  382  218]
 [  27   72 1897 1073   80]
 [  24   34   58    0   58]
 [  82  148  142  817  903]]
iteration 2

avarage loss in epoch: 0.9523332004309931 
Accuracy: 0.6175199089874858
Confusion Matrix:
[[ 684   85   28  399   72]
 [  27 1482   71  311  203]
 [  27   77 2040  928   77]
 [  23   31   50    0   83]
 [  52  130   95  593 1222]]
iteration 3

avarage loss in epoch: 0.9387181737828325 
Accuracy: 0.656966792194454
Confusion Matrix:
[[ 788   73   22  336   49]
 [  42 1559   76  290  127]
 [  13   67 2086  922   61]
 [  25   22   51    0   62]
 [  51  113   88  516 1324]]
iteration 4

avarage loss in epoch: 0.9308136183294764 
Accuracy: 0.6851005484460695
Confusion Matrix:
[[ 832   42   16  327   51]
 [  30 1593   61  275  135]
 [  14   62 2125  868   80]
 [  17   19   43    0   70]
 [  40   72   80  454 1446]]
iteration 5

avarage loss in epoch: 0.9262063227105585 
Accuracy: 0.6999427590154551
Confusion Matrix:
[[ 855   47   17  323   26]
 [  34 1646   47  263  104]
 [  23   59 2161  842   64]
 [  15   19   32    0   66]
 [  44   85   50  461 1452]]
iteration 6

avarage loss in epoch: 0.9231447451796756 
Accuracy: 0.7161636945587563
Confusion Matrix:
[[ 868   40   14  305   41]
 [  31 1671   42  251   99]
 [  15   37 2257  782   58]
 [  16   16   46    0   67]
 [  42   82   73  426 1469]]
iteration 7

avarage loss in epoch: 0.9207540869750124 
Accuracy: 0.7157655093910074
Confusion Matrix:
[[ 883   45   13  295   32]
 [  36 1689   41  228  100]
 [  12   44 2198  827   68]
 [  41   32   31    0   78]
 [  51   74   53  396 1518]]
iteration 8

avarage loss in epoch: 0.9190748312207393 
Accuracy: 0.7270026282710548
Confusion Matrix:
[[ 875   54   17  287   35]
 [  26 1719   32  225   92]
 [  11   63 2242  774   59]
 [  15   29   36    0   68]
 [  41   83   47  395 1526]]
iteration 9

avarage loss in epoch: 0.9178035083966469 
Accuracy: 0.724373576309795
Confusion Matrix:
[[ 895   45   14  275   39]
 [  31 1708   36  229   90]
 [  14   59 2169  844   63]
 [  28   27   25    0   97]
 [  38   77   42  347 1588]]
iteration 10

avarage loss in epoch: 0.9164598507163634 
Accuracy: 0.7334625912408759
Confusion Matrix:
[[ 899   45   14  276   34]
 [  27 1712   31  229   95]
 [  14   64 2225  765   81]
 [  33   19   30    0   83]
 [  40   65   55  337 1595]]
iteration 11

avarage loss in epoch: 0.9155432605676279 
Accuracy: 0.7338554080127114
Confusion Matrix:
[[ 895   52   12  269   40]
 [  20 1755   28  205   86]
 [  12   73 2205  760   99]
 [  30   47   33    0   98]
 [  31   84   35  331 1611]]
iteration 12

avarage loss in epoch: 0.9148657533478405 
Accuracy: 0.7330590789624043
Confusion Matrix:
[[ 926   30   16  269   27]
 [  38 1723   35  213   85]
 [  11   52 2189  842   55]
 [  32   20   24    0   72]
 [  42   73   50  350 1577]]
iteration 13

avarage loss in epoch: 0.9142877142436437 
Accuracy: 0.7335963923337091
Confusion Matrix:
[[ 893   55   16  258   46]
 [  20 1758   27  192   97]
 [  10   66 2240  743   90]
 [  46   69   37    0  115]
 [  42   87   42  305 1616]]
iteration 14

avarage loss in epoch: 0.9136612320680975 
Accuracy: 0.7357126722385362
Confusion Matrix:
[[ 927   36   19  241   45]
 [  35 1736   28  194  101]
 [  15   57 2243  759   75]
 [  60   54   34    0  103]
 [  39   75   44  326 1608]]
iteration 15

avarage loss in epoch: 0.9131951671651359 
Accuracy: 0.7321448719395238
Confusion Matrix:
[[ 941   27   16  228   56]
 [  31 1706   24  209  124]
 [  12   48 2196  762  131]
 [  65   38   26    0  131]
 [  31   69   30  316 1646]]
iteration 16

avarage loss in epoch: 0.9128742183800614 
Accuracy: 0.7313500112688753
Confusion Matrix:
[[ 935   37   16  222   58]
 [  23 1757   24  201   89]
 [  11   59 2162  787  130]
 [  60   62   22    0  127]
 [  33   77   31  315 1636]]
iteration 17

avarage loss in epoch: 0.9125117700778317 
Accuracy: 0.7334159252168037
Confusion Matrix:
[[ 945   40   14  225   44]
 [  29 1762   26  186   91]
 [  11   79 2211  737  111]
 [  63   82   32    0   99]
 [  44   87   37  330 1594]]
iteration 18

avarage loss in epoch: 0.9123158846758498 
Accuracy: 0.7350725289553581
Confusion Matrix:
[[ 941   34   13  211   69]
 [  31 1739   28  189  107]
 [  11   61 2205  745  127]
 [ 103   52   22    0  113]
 [  39   65   35  301 1652]]
iteration 19

avarage loss in epoch: 0.9120545399574985 
Accuracy: 0.7232291782497499
Confusion Matrix:
[[ 930   34   13  209   82]
 [  37 1718   22  158  159]
 [  10   73 2169  647  250]
 [  75   50   25    0  240]
 [  41   60   29  275 1687]]
iteration 20

avarage loss in epoch: 0.9118628743741689 
Accuracy: 0.7306385869565217
Confusion Matrix:
[[ 943   27   10  221   67]
 [  24 1742   17  198  113]
 [  12   62 2134  802  139]
 [  66   29   20    0  114]
 [  44   60   32  322 1634]]
iteration 21

avarage loss in epoch: 0.9116803269029764 
Accuracy: 0.7294593683264021
Confusion Matrix:
[[ 982   27   10  212   37]
 [  39 1772   17  189   77]
 [  24   98 2138  797   92]
 [ 133   49   15    0   97]
 [  76   79   29  310 1598]]
iteration 22

avarage loss in epoch: 0.9114247599379773 
Accuracy: 0.7360955997319634
Confusion Matrix:
[[ 971   23   10  202   62]
 [  34 1760   14  172  114]
 [  15   70 2187  704  173]
 [  89   51   16    0  195]
 [  54   61   28  276 1673]]
iteration 23

avarage loss in epoch: 0.9112953841919335 
Accuracy: 0.737841177131304
Confusion Matrix:
[[ 959   33   13  210   53]
 [  29 1801   18  172   74]
 [  10  103 2185  740  111]
 [  81   85   17    0  117]
 [  54   81   30  303 1624]]
iteration 24

avarage loss in epoch: 0.9111036382873126 
Accuracy: 0.7292750415052573
Confusion Matrix:
[[ 945   52   13  195   63]
 [  22 1811   14  157   90]
 [  13  133 2198  658  147]
 [  94  132   23    0  183]
 [  50  101   36  270 1635]]
iteration 25

avarage loss in epoch: 0.9108302636212182 
Accuracy: 0.7297991071428571
Confusion Matrix:
[[ 959   36   12  199   62]
 [  42 1781   15  157   99]
 [  16   80 2157  737  159]
 [ 105   83   15    0  154]
 [  60   75   33  282 1642]]
iteration 26

avarage loss in epoch: 0.910533292722799 
Accuracy: 0.7268276399243352
Confusion Matrix:
[[ 944   39   14  198   73]
 [  35 1767   15  146  131]
 [   9   95 2136  702  207]
 [  91   74   18    0  201]
 [  48   61   30  268 1685]]
iteration 27

avarage loss in epoch: 0.9103796455514426 
Accuracy: 0.7397818662553707
Confusion Matrix:
[[ 970   31   16  184   67]
 [  32 1810   14  146   92]
 [   8   95 2271  588  187]
 [ 113  110   27    0  224]
 [  59   83   37  249 1664]]
iteration 28

avarage loss in epoch: 0.9100490161907536 
Accuracy: 0.7405013927576601
Confusion Matrix:
[[ 972   35   14  186   61]
 [  32 1800   18  164   80]
 [   7   84 2210  713  135]
 [  90   98   18    0  166]
 [  44   75   35  274 1664]]
iteration 29

avarage loss in epoch: 0.9098014145618721 
Accuracy: 0.7395473296911584
Confusion Matrix:
[[ 977   29   13  180   69]
 [  35 1778   12  163  106]
 [   8   90 2210  696  145]
 [  78   88   13    0  187]
 [  47   78   31  268 1668]]
iteration 30

avarage loss in epoch: 0.9097220276734572 
Accuracy: 0.7409065472859541
Confusion Matrix:
[[ 997   27   13  180   51]
 [  42 1782   11  175   84]
 [  10   75 2205  725  134]
 [ 124   69   15    0  124]
 [  55   76   25  300 1636]]
iteration 31

avarage loss in epoch: 0.9095866816453712 
Accuracy: 0.737123745819398
Confusion Matrix:
[[ 973   35   12  184   64]
 [  36 1792   14  160   92]
 [   8   92 2187  693  169]
 [ 103   88   19    0  157]
 [  40   87   27  278 1660]]
iteration 32

avarage loss in epoch: 0.9095240842842932 
Accuracy: 0.7362003990246065
Confusion Matrix:
[[ 971   31   15  188   63]
 [  41 1797   14  153   89]
 [  11   90 2231  657  160]
 [  96  110   19    0  194]
 [  39  102   37  271 1643]]
iteration 33

avarage loss in epoch: 0.9094390568460226 
Accuracy: 0.7390823659480376
Confusion Matrix:
[[ 986   34   14  176   58]
 [  30 1806   15  155   88]
 [  15   93 2225  664  152]
 [  93  121   21    0  207]
 [  44   86   31  263 1668]]
iteration 34

avarage loss in epoch: 0.9093390863937111 
Accuracy: 0.7282998370450842
Confusion Matrix:
[[ 990   38   14  166   60]
 [  27 1832   15  147   73]
 [  23  113 2211  597  205]
 [ 142  150   23    0  287]
 [  50   89   33  249 1671]]
loss list: [1.041881868756472, 0.9814362096036896, 0.9523332004309931, 0.9387181737828325, 0.9308136183294764, 0.9262063227105585, 0.9231447451796756, 0.9207540869750124, 0.9190748312207393, 0.9178035083966469, 0.9164598507163634, 0.9155432605676279, 0.9148657533478405, 0.9142877142436437, 0.9136612320680975, 0.9131951671651359, 0.9128742183800614, 0.9125117700778317, 0.9123158846758498, 0.9120545399574985, 0.9118628743741689, 0.9116803269029764, 0.9114247599379773, 0.9112953841919335, 0.9111036382873126, 0.9108302636212182, 0.910533292722799, 0.9103796455514426, 0.9100490161907536, 0.9098014145618721, 0.9097220276734572, 0.9095866816453712, 0.9095240842842932, 0.9094390568460226, 0.9093390863937111]
accuracy list: [0.36049382716049383, 0.5345790133302951, 0.6175199089874858, 0.656966792194454, 0.6851005484460695, 0.6999427590154551, 0.7161636945587563, 0.7157655093910074, 0.7270026282710548, 0.724373576309795, 0.7334625912408759, 0.7338554080127114, 0.7330590789624043, 0.7335963923337091, 0.7357126722385362, 0.7321448719395238, 0.7313500112688753, 0.7334159252168037, 0.7350725289553581, 0.7232291782497499, 0.7306385869565217, 0.7294593683264021, 0.7360955997319634, 0.737841177131304, 0.7292750415052573, 0.7297991071428571, 0.7268276399243352, 0.7397818662553707, 0.7405013927576601, 0.7395473296911584, 0.7409065472859541, 0.737123745819398, 0.7362003990246065, 0.7390823659480376, 0.7282998370450842]
