iteration 0

avarage loss in epoch: 3.0264449293950357 
Accuracy: 0.9024201799995824
Confusion Matrix:
[[1459    0    0 ...    1    0    0]
 [   1 1253    0 ...    4    0    0]
 [   0    0 2578 ...    0    0    0]
 ...
 [   7    1    0 ... 1330    0    1]
 [   3    0    0 ...    4    1    0]
 [   0    0    0 ...    0    0  432]]
iteration 1

avarage loss in epoch: 2.9289786630435914 
Accuracy: 0.9169746705924117
Confusion Matrix:
[[1464    0    1 ...    0    0    0]
 [   0 1253    0 ...    5    0    0]
 [   0    0 2579 ...    0    0    0]
 ...
 [   6    5    1 ... 1368    2    1]
 [   0    0    1 ...    0   72    0]
 [   0    0    0 ...    0    0  433]]
iteration 2

avarage loss in epoch: 2.9162967870694825 
Accuracy: 0.9199607425504813
Confusion Matrix:
[[1464    0    0 ...    1    0    0]
 [   0 1252    0 ...    4    0    0]
 [   0    0 2579 ...    0    0    0]
 ...
 [   2    1    1 ... 1397    3    0]
 [   0    0    0 ...    0   73    0]
 [   0    0    0 ...    1    0  433]]
iteration 3

avarage loss in epoch: 2.912027658901001 
Accuracy: 0.922215957735597
Confusion Matrix:
[[1489    0    0 ...    0    0    0]
 [   2 1253    0 ...    4    0    0]
 [   0    0 2578 ...    0    0    0]
 ...
 [   3    1    0 ... 1403    1    1]
 [   0    0    0 ...    0   73    0]
 [   0    0    0 ...    0    0  447]]
iteration 4

avarage loss in epoch: 2.909004696736812 
Accuracy: 0.9234062101944079
Confusion Matrix:
[[1459    0    0 ...    0    0    0]
 [   2 1253    0 ...    3    0    0]
 [   0    0 2579 ...    0    0    0]
 ...
 [   3    1    0 ... 1400    0    0]
 [   0    0    0 ...    0   73    0]
 [   0    0    0 ...    0    0  446]]
iteration 5

avarage loss in epoch: 2.9070423785491375 
Accuracy: 0.9248679237403161
Confusion Matrix:
[[1467    0    0 ...    0    0    0]
 [   1 1253    0 ...    3    0    0]
 [   0    0 2577 ...    0    0    0]
 ...
 [   3    1    0 ... 1404    0    0]
 [   1    0    0 ...    0   72    0]
 [   0    0    0 ...    0    0  446]]
iteration 6

avarage loss in epoch: 2.9053286026643166 
Accuracy: 0.9248679237403161
Confusion Matrix:
[[1488    0    0 ...    1    0    0]
 [   0 1253    0 ...    3    0    0]
 [   0    0 2579 ...    0    0    0]
 ...
 [   0    1    0 ... 1424    0    0]
 [   0    0    0 ...    0   73    0]
 [   0    0    0 ...    0    0  447]]
iteration 7

avarage loss in epoch: 2.9040375054897436 
Accuracy: 0.9239073691244336
Confusion Matrix:
[[1482    0    0 ...    1    0    0]
 [   0 1254    0 ...    2    0    0]
 [   0    0 2579 ...    0    0    0]
 ...
 [   3    2    0 ... 1420    0    0]
 [   0    0    0 ...    0   73    0]
 [   0    0    0 ...    0    0  447]]
iteration 8

avarage loss in epoch: 2.9033864624333163 
Accuracy: 0.9257449518678611
Confusion Matrix:
[[1479    0    0 ...    0    0    0]
 [   0 1255    0 ...    1    0    0]
 [   0    0 2579 ...    0    0    0]
 ...
 [   1    2    0 ... 1416    0    0]
 [   0    0    0 ...    0   73    0]
 [   0    0    0 ...    0    0  447]]
iteration 9

avarage loss in epoch: 2.902408454038634 
Accuracy: 0.9251393848274134
Confusion Matrix:
[[1475    0    0 ...    0    0    0]
 [   0 1253    0 ...    3    0    0]
 [   0    0 2578 ...    0    0    0]
 ...
 [   2    1    0 ... 1435    0    0]
 [   0    0    0 ...    0   73    0]
 [   0    0    0 ...    0    0  447]]
iteration 10

avarage loss in epoch: 2.9015848647029254 
Accuracy: 0.9257867151120299
Confusion Matrix:
[[1476    0    0 ...    1    0    0]
 [   0 1254    0 ...    3    0    0]
 [   0    0 2579 ...    0    0    0]
 ...
 [   1    1    0 ... 1441    0    0]
 [   0    0    0 ...    0   73    0]
 [   0    0    0 ...    0    0  447]]
iteration 11

avarage loss in epoch: 2.9009956121021854 
Accuracy: 0.9264549270187308
Confusion Matrix:
[[1475    0    0 ...    0    0    0]
 [   0 1253    0 ...    4    0    0]
 [   0    0 2579 ...    0    0    0]
 ...
 [   1    1    0 ... 1444    0    0]
 [   1    0    0 ...    0   72    0]
 [   0    0    0 ...    0    0  447]]
iteration 12

avarage loss in epoch: 2.900288814879641 
Accuracy: 0.9256614253795235
Confusion Matrix:
[[1476    0    0 ...    1    0    0]
 [   1 1251    1 ...    3    0    2]
 [   0    0 2579 ...    0    0    0]
 ...
 [   2    1    1 ... 1456    0    0]
 [   0    0    0 ...    0   73    0]
 [   0    0    0 ...    0    0  446]]
iteration 13

avarage loss in epoch: 2.899678956594627 
Accuracy: 0.9261625843095491
Confusion Matrix:
[[1463    0    0 ...    0    0    0]
 [   0 1252    1 ...    2    0    0]
 [   0    0 2579 ...    0    0    0]
 ...
 [   0    1    1 ... 1452    0    0]
 [   0    0    0 ...    0   73    0]
 [   0    1    0 ...    0    0  446]]
iteration 14

avarage loss in epoch: 2.899251822876944 
Accuracy: 0.9271231389254317
Confusion Matrix:
[[1477    0    0 ...    0    0    0]
 [   0 1255    0 ...    3    0    0]
 [   0    0 2579 ...    0    0    0]
 ...
 [   0    1    3 ... 1443    0    0]
 [   0    0    0 ...    0   73    0]
 [   0    0    0 ...    0    0  446]]
iteration 15

avarage loss in epoch: 2.8985603422467743 
Accuracy: 0.9259537680887051
Confusion Matrix:
[[1481    0    0 ...    0    0    0]
 [   1 1254    0 ...    4    0    0]
 [   0    0 2579 ...    0    0    0]
 ...
 [   2    0    0 ... 1444    0    0]
 [   0    0    0 ...    0   73    0]
 [   0    0    0 ...    0    0  446]]
iteration 16

avarage loss in epoch: 2.898063879269815 
Accuracy: 0.9270604940591786
Confusion Matrix:
[[1471    0    0 ...    0    0    0]
 [   1 1254    0 ...    4    0    0]
 [   0    0 2579 ...    0    0    0]
 ...
 [   1    1    0 ... 1454    0    0]
 [   0    0    0 ...    0   73    0]
 [   0    0    0 ...    0    0  447]]
iteration 17

avarage loss in epoch: 2.8979287115808376 
Accuracy: 0.9256405437574391
Confusion Matrix:
[[1483    0    0 ...    0    0    0]
 [   0 1255    0 ...    4    0    0]
 [   0    0 2579 ...    0    0    0]
 ...
 [   1    1    1 ... 1455    2    0]
 [   0    0    0 ...    1   72    0]
 [   0    0    0 ...    0    0  447]]
iteration 18

avarage loss in epoch: 2.897511930770487 
Accuracy: 0.9272693102800226
Confusion Matrix:
[[1475    0    0 ...    0    0    0]
 [   0 1256    0 ...    2    0    0]
 [   0    0 2579 ...    0    0    0]
 ...
 [   4    0    1 ... 1446    0    0]
 [   0    0    0 ...    0   73    0]
 [   0    0    0 ...    0    0  447]]
iteration 19

avarage loss in epoch: 2.897135500663999 
Accuracy: 0.9268516778383344
Confusion Matrix:
[[1484    0    0 ...    0    0    0]
 [   0 1253    0 ...    4    0    0]
 [   0    0 2579 ...    0    0    0]
 ...
 [   1    1    2 ... 1455    0    0]
 [   0    0    0 ...    0   73    0]
 [   0    0    0 ...    0    0  447]]
iteration 20

avarage loss in epoch: 2.8968958482061695 
Accuracy: 0.9264340453966464
Confusion Matrix:
[[1477    0    0 ...    0    0    0]
 [   0 1256    0 ...    3    0    0]
 [   0    0 2578 ...    0    0    0]
 ...
 [   3    0    0 ... 1452    1    1]
 [   0    0    0 ...    0   73    0]
 [   0    0    0 ...    0    0  447]]
iteration 21

avarage loss in epoch: 2.896745019151526 
Accuracy: 0.9271440205475161
Confusion Matrix:
[[1473    0    0 ...    0    0    0]
 [   0 1255    0 ...    2    0    0]
 [   0    0 2578 ...    0    0    0]
 ...
 [   3    1    0 ... 1454    0    0]
 [   0    0    0 ...    0   73    0]
 [   0    0    0 ...    0    0  447]]
iteration 22

avarage loss in epoch: 2.8963698462649723 
Accuracy: 0.9263505189083088
Confusion Matrix:
[[1474    0    0 ...    0    0    0]
 [   0 1255    0 ...    2    0    0]
 [   0    0 2579 ...    0    0    0]
 ...
 [   2    0    0 ... 1462    0    0]
 [   0    0    0 ...    1   72    0]
 [   0    0    0 ...    0    0  446]]
iteration 23

avarage loss in epoch: 2.8961340462562717 
Accuracy: 0.9269769675708409
Confusion Matrix:
[[1469    0    0 ...    0    0    0]
 [   0 1257    0 ...    2    0    0]
 [   0    0 2579 ...    0    0    0]
 ...
 [   1    0    0 ... 1457    0    0]
 [   0    0    0 ...    1   72    0]
 [   0    0    0 ...    0    0  446]]
iteration 24

avarage loss in epoch: 2.8960140386805633 
Accuracy: 0.9258075967341143
Confusion Matrix:
[[1465    0    0 ...    0    0    0]
 [   0 1254    0 ...    3    0    0]
 [   0    0 2579 ...    0    0    0]
 ...
 [   1    0    0 ... 1454    0    1]
 [   0    0    0 ...    0   73    0]
 [   0    0    0 ...    0    0  447]]
iteration 25

avarage loss in epoch: 2.895838039594192 
Accuracy: 0.9260372945770428
Confusion Matrix:
[[1462    0    0 ...    0    0    1]
 [   0 1255    0 ...    3    0    0]
 [   0    0 2579 ...    0    0    0]
 ...
 [   1    0    1 ... 1456    0    0]
 [   0    0    0 ...    0   73    0]
 [   0    0    0 ...    0    0  446]]
iteration 26

avarage loss in epoch: 2.8957021564465104 
Accuracy: 0.9262878740420556
Confusion Matrix:
[[1464    0    0 ...    0    0    1]
 [   0 1257    0 ...    2    0    0]
 [   0    0 2579 ...    0    0    0]
 ...
 [   2    1    0 ... 1449    0    1]
 [   0    0    0 ...    0   72    0]
 [   0    0    0 ...    0    0  447]]
iteration 27

avarage loss in epoch: 2.895286665474584 
Accuracy: 0.9258911232224519
Confusion Matrix:
[[1477    0    0 ...    0    0    1]
 [   0 1255    0 ...    2    0    0]
 [   0    0 2579 ...    0    0    0]
 ...
 [   1    1    0 ... 1453    0    0]
 [   0    0    0 ...    2   71    0]
 [   0    0    0 ...    0    0  447]]
iteration 28

avarage loss in epoch: 2.8952532432356026 
Accuracy: 0.9268934410825033
Confusion Matrix:
[[1473    0    0 ...    0    0    1]
 [   0 1257    0 ...    2    0    0]
 [   0    0 2579 ...    0    0    0]
 ...
 [   0    3    0 ... 1450    0    0]
 [   0    0    0 ...    0   72    0]
 [   0    0    0 ...    0    0  447]]
iteration 29

avarage loss in epoch: 2.894969767223828 
Accuracy: 0.9265593351291528
Confusion Matrix:
[[1474    0    0 ...    0    0    0]
 [   0 1254    0 ...    3    0    0]
 [   0    0 2579 ...    0    0    0]
 ...
 [   1    1    0 ... 1459    0    0]
 [   0    0    0 ...    0   72    0]
 [   0    0    0 ...    0    0  447]]
iteration 30

avarage loss in epoch: 2.8947853655147364 
Accuracy: 0.9269143227045877
Confusion Matrix:
[[1474    0    1 ...    0    0    1]
 [   0 1255    0 ...    2    0    0]
 [   0    0 2579 ...    0    0    0]
 ...
 [   3    1    0 ... 1455    1    2]
 [   0    0    0 ...    0   72    0]
 [   0    0    0 ...    0    0  446]]
iteration 31

avarage loss in epoch: 2.894719663529607 
Accuracy: 0.9268099145941657
Confusion Matrix:
[[1476    0    0 ...    0    0    1]
 [   0 1255    0 ...    2    0    0]
 [   0    0 2577 ...    0    0    0]
 ...
 [   1    1    0 ... 1455    0    2]
 [   0    0    0 ...    0   73    0]
 [   0    0    0 ...    0    0  446]]
iteration 32

avarage loss in epoch: 2.89467740890218 
Accuracy: 0.9268307962162501
Confusion Matrix:
[[1475    0    0 ...    0    0    1]
 [   0 1255    0 ...    2    0    0]
 [   0    0 2579 ...    0    0    0]
 ...
 [   1    1    0 ... 1453    0    0]
 [   0    0    0 ...    0   73    0]
 [   0    0    0 ...    0    0  446]]
iteration 33

avarage loss in epoch: 2.8945846906805013 
Accuracy: 0.9264340453966464
Confusion Matrix:
[[1465    0    0 ...    0    0    0]
 [   0 1256    0 ...    2    0    0]
 [   0    0 2579 ...    0    0    0]
 ...
 [   0    1    0 ... 1448    0    0]
 [   0    0    0 ...    0   73    0]
 [   0    0    0 ...    0    0  446]]
iteration 34

avarage loss in epoch: 2.8945096367282983 
Accuracy: 0.9265384535070684
Confusion Matrix:
[[1467    0    1 ...    0    0    0]
 [   0 1257    0 ...    2    0    0]
 [   0    0 2579 ...    0    0    0]
 ...
 [   1    1    0 ... 1446    1    0]
 [   0    0    0 ...    0   72    0]
 [   0    0    0 ...    0    0  447]]
loss list: [3.0264449293950357, 2.9289786630435914, 2.9162967870694825, 2.912027658901001, 2.909004696736812, 2.9070423785491375, 2.9053286026643166, 2.9040375054897436, 2.9033864624333163, 2.902408454038634, 2.9015848647029254, 2.9009956121021854, 2.900288814879641, 2.899678956594627, 2.899251822876944, 2.8985603422467743, 2.898063879269815, 2.8979287115808376, 2.897511930770487, 2.897135500663999, 2.8968958482061695, 2.896745019151526, 2.8963698462649723, 2.8961340462562717, 2.8960140386805633, 2.895838039594192, 2.8957021564465104, 2.895286665474584, 2.8952532432356026, 2.894969767223828, 2.8947853655147364, 2.894719663529607, 2.89467740890218, 2.8945846906805013, 2.8945096367282983]
accuracy list: [0.9024201799995824, 0.9169746705924117, 0.9199607425504813, 0.922215957735597, 0.9234062101944079, 0.9248679237403161, 0.9248679237403161, 0.9239073691244336, 0.9257449518678611, 0.9251393848274134, 0.9257867151120299, 0.9264549270187308, 0.9256614253795235, 0.9261625843095491, 0.9271231389254317, 0.9259537680887051, 0.9270604940591786, 0.9256405437574391, 0.9272693102800226, 0.9268516778383344, 0.9264340453966464, 0.9271440205475161, 0.9263505189083088, 0.9269769675708409, 0.9258075967341143, 0.9260372945770428, 0.9262878740420556, 0.9258911232224519, 0.9268934410825033, 0.9265593351291528, 0.9269143227045877, 0.9268099145941657, 0.9268307962162501, 0.9264340453966464, 0.9265384535070684]
