iteration 0

avarage loss in epoch: 3.079814823486004 
Accuracy: 0.8384597715550544
Confusion Matrix:
[[5183    2    0 ...    2    2    4]
 [   2  481    0 ...    1    0    0]
 [   0    0    0 ...    1    0    0]
 ...
 [   8    1    0 ... 5714   18    7]
 [   0    0    0 ...   26  715   69]
 [   3    1    0 ...   27   37 1312]]
iteration 1

avarage loss in epoch: 2.97991901254292 
Accuracy: 0.8653761824218505
Confusion Matrix:
[[5189    1    0 ...    4    1    2]
 [   1  483    0 ...    0    0    0]
 [   0    0    0 ...    1    0    0]
 ...
 [   8    1    0 ... 5893   18    8]
 [   0    0    0 ...   22  732   81]
 [   4    1    0 ...   13   31 1388]]
iteration 2

avarage loss in epoch: 2.957183927923407 
Accuracy: 0.8794712773288229
Confusion Matrix:
[[5193    0    0 ...    3    1    0]
 [   0  484    0 ...    1    0    0]
 [   0    0    0 ...    3    0    0]
 ...
 [   7    1    0 ... 5944   18    0]
 [   2    0    0 ...   18  751   80]
 [   2    0    0 ...   10   32 1402]]
iteration 3

avarage loss in epoch: 2.9457502000701954 
Accuracy: 0.8841069974315605
Confusion Matrix:
[[5190    0    0 ...    2    4    2]
 [   0  484    0 ...    0    0    0]
 [   0    0    0 ...    1    0    0]
 ...
 [   6    1    0 ... 5992   13    8]
 [   0    0    0 ...    8  773   69]
 [   1    2    0 ...    7   27 1431]]
iteration 4

avarage loss in epoch: 2.9387953771398774 
Accuracy: 0.8865083839712669
Confusion Matrix:
[[5196    0    0 ...    2    1    4]
 [   0  484    0 ...    0    0    0]
 [   0    0    0 ...    2    0    0]
 ...
 [   5    1    0 ... 6008   12    3]
 [   1    0    0 ...   11  755   90]
 [   0    0    0 ...    6   22 1440]]
iteration 5

avarage loss in epoch: 2.933728013648551 
Accuracy: 0.8903088391906283
Confusion Matrix:
[[5198    0    0 ...    2    4    2]
 [   0  484    0 ...    0    0    0]
 [   0    0    0 ...    1    0    0]
 ...
 [   8    1    0 ... 5981   34    5]
 [   1    0    0 ...   10  803   72]
 [   1    0    0 ...    3   28 1453]]
iteration 6

avarage loss in epoch: 2.9294267834949643 
Accuracy: 0.8938169517008081
Confusion Matrix:
[[5195    2    0 ...    2    4    3]
 [   0  484    0 ...    0    0    0]
 [   0    0    0 ...    0    0    0]
 ...
 [   7    1    0 ... 5975   11    6]
 [   1    0    0 ...    6  806   82]
 [   0    0    0 ...    3   23 1459]]
iteration 7

avarage loss in epoch: 2.926269384067205 
Accuracy: 0.8953621917350539
Confusion Matrix:
[[5195    0    0 ...    2    2    4]
 [   0  484    0 ...    0    0    0]
 [   0    0    0 ...    0    0    0]
 ...
 [   6    1    0 ... 5997    6    8]
 [   2    0    0 ...    7  812   70]
 [   1    0    0 ...    3   43 1436]]
iteration 8

avarage loss in epoch: 2.923880711005457 
Accuracy: 0.8965733258159494
Confusion Matrix:
[[5178    0    0 ...    3    3    2]
 [   0  484    0 ...    0    0    0]
 [   0    0    0 ...    0    0    0]
 ...
 [   6    1    0 ... 6007   14    2]
 [   1    0    0 ...    6  810   75]
 [   1    0    0 ...    4   34 1449]]
iteration 9

avarage loss in epoch: 2.9217720187113754 
Accuracy: 0.8980141577397732
Confusion Matrix:
[[5180    2    0 ...    3    4    3]
 [   0  484    0 ...    1    0    0]
 [   0    0    0 ...    1    0    0]
 ...
 [   7    1    0 ... 6026   12    7]
 [   0    0    0 ...    9  812   77]
 [   1    0    0 ...    4   34 1457]]
iteration 10

avarage loss in epoch: 2.9199851307527465 
Accuracy: 0.8997055691286099
Confusion Matrix:
[[5179    0    0 ...    5    3    8]
 [   0  484    0 ...    1    0    0]
 [   0    0    0 ...    1    0    0]
 ...
 [   6    1    0 ... 6021   12    3]
 [   1    0    0 ...    7  832   61]
 [   1    0    0 ...    5   41 1452]]
iteration 11

avarage loss in epoch: 2.918721131775338 
Accuracy: 0.8996846875065255
Confusion Matrix:
[[5180    0    0 ...    1    2    7]
 [   0  483    0 ...    0    0    0]
 [   0    0    0 ...    2    0    0]
 ...
 [   5    1    0 ... 5999   15    4]
 [   0    0    0 ...    4  830   78]
 [   3    0    0 ...    2   39 1458]]
iteration 12

avarage loss in epoch: 2.917662398650752 
Accuracy: 0.8990791204660779
Confusion Matrix:
[[5182    0    0 ...    2    3    6]
 [   0  484    0 ...    0    0    0]
 [   0    0    0 ...    3    0    0]
 ...
 [   7    1    0 ... 6004    9   10]
 [   0    0    0 ...    6  821   78]
 [   2    0    0 ...    2   42 1453]]
iteration 13

avarage loss in epoch: 2.916494995425376 
Accuracy: 0.8999143853494539
Confusion Matrix:
[[5175    3    0 ...    2    3    6]
 [   0  484    0 ...    0    0    0]
 [   0    0    0 ...    3    0    0]
 ...
 [   5    1    0 ... 6050   10    6]
 [   0    0    0 ...    9  827   79]
 [   0    0    0 ...    4   44 1454]]
iteration 14

avarage loss in epoch: 2.915460856796309 
Accuracy: 0.8997473323727787
Confusion Matrix:
[[5180    0    0 ...    2    2    8]
 [   0  484    0 ...    0    0    0]
 [   0    0    0 ...    2    0    0]
 ...
 [   7    1    0 ... 6024   11    2]
 [   0    0    0 ...    7  841   69]
 [   0    0    0 ...    4   41 1454]]
iteration 15

avarage loss in epoch: 2.9147862182078073 
Accuracy: 0.9007078869886613
Confusion Matrix:
[[5169    2    0 ...    6    5    2]
 [   0  484    0 ...    0    0    0]
 [   0    0    0 ...    1    0    0]
 ...
 [   4    1    0 ... 6056    9    3]
 [   0    0    0 ...    6  830   75]
 [   0    0    0 ...    5   34 1461]]
iteration 16

avarage loss in epoch: 2.9138197104396903 
Accuracy: 0.9010419929420117
Confusion Matrix:
[[5174    1    0 ...    3    1    2]
 [   0  484    0 ...    1    0    0]
 [   0    0    0 ...    2    0    0]
 ...
 [   6    1    0 ... 6023   14    6]
 [   0    0    0 ...    3  843   62]
 [   1    0    0 ...    5   47 1442]]
iteration 17

avarage loss in epoch: 2.9132954986632784 
Accuracy: 0.9001858464365512
Confusion Matrix:
[[5175    2    0 ...    1    4    8]
 [   0  484    0 ...    1    0    0]
 [   0    0    0 ...    2    0    0]
 ...
 [   4    1    0 ... 6018   10    3]
 [   1    0    0 ...    5  811   91]
 [   1    0    0 ...    5   21 1467]]
iteration 18

avarage loss in epoch: 2.9125319560450604 
Accuracy: 0.9011464010524337
Confusion Matrix:
[[5179    0    0 ...    0    2    7]
 [   0  484    0 ...    0    0    0]
 [   0    0    0 ...    1    0    0]
 ...
 [   3    1    0 ... 6025   15    3]
 [   0    0    0 ...    5  840   69]
 [   1    0    0 ...    5   49 1445]]
iteration 19

avarage loss in epoch: 2.911924881122744 
Accuracy: 0.9012299275407714
Confusion Matrix:
[[5173    1    0 ...    0    3    8]
 [   0  484    0 ...    0    0    0]
 [   0    0    0 ...    0    0    0]
 ...
 [   3    1    0 ... 6020   10    6]
 [   0    0    0 ...    6  830   73]
 [   1    0    0 ...    4   40 1459]]
iteration 20

avarage loss in epoch: 2.9113207347500776 
Accuracy: 0.9013760988953622
Confusion Matrix:
[[5174    0    0 ...    2    0    3]
 [   0  484    0 ...    1    0    0]
 [   0    0    0 ...    3    0    0]
 ...
 [   5    1    0 ... 6035   16    4]
 [   1    0    0 ...    4  855   59]
 [   0    0    0 ...    4   47 1447]]
iteration 21

avarage loss in epoch: 2.9108400447262404 
Accuracy: 0.901731086470797
Confusion Matrix:
[[5173    0    0 ...    3    2    6]
 [   0  484    0 ...    0    0    0]
 [   0    0    0 ...    2    0    0]
 ...
 [   4    1    0 ... 6041   13    4]
 [   0    0    0 ...    3  846   65]
 [   1    0    0 ...    3   40 1461]]
iteration 22

avarage loss in epoch: 2.910338108430994 
Accuracy: 0.9012508091628558
Confusion Matrix:
[[5181    1    0 ...    1    0    2]
 [   0  484    0 ...    1    0    0]
 [   0    0    0 ...    3    0    0]
 ...
 [   5    1    0 ... 6028   12    5]
 [   0    0    0 ...    5  838   69]
 [   1    0    0 ...    5   51 1446]]
iteration 23

avarage loss in epoch: 2.910031833374084 
Accuracy: 0.9021487189124852
Confusion Matrix:
[[5176    0    0 ...    0    1    4]
 [   0  484    0 ...    1    0    0]
 [   0    0    0 ...    2    0    0]
 ...
 [   5    1    0 ... 6023    6    3]
 [   0    0    0 ...    5  827   78]
 [   1    0    0 ...    5   36 1461]]
iteration 24

avarage loss in epoch: 2.9096288545803506 
Accuracy: 0.902190482156654
Confusion Matrix:
[[5174    1    0 ...    1    3    2]
 [   0  484    0 ...    1    0    0]
 [   0    0    0 ...    2    0    0]
 ...
 [   5    2    0 ... 6033    7    9]
 [   1    0    0 ...    4  827   72]
 [   0    0    0 ...    8   43 1450]]
iteration 25

avarage loss in epoch: 2.9091754540331687 
Accuracy: 0.902712522708764
Confusion Matrix:
[[5177    1    0 ...    2    0    3]
 [   1  483    0 ...    1    0    0]
 [   0    0    0 ...    3    0    0]
 ...
 [   5    2    0 ... 6041    9    5]
 [   0    0    0 ...    3  836   79]
 [   0    0    0 ...    4   34 1465]]
iteration 26

avarage loss in epoch: 2.908850960224173 
Accuracy: 0.9030883919062833
Confusion Matrix:
[[5180    1    0 ...    0    0    4]
 [   1  483    0 ...    0    0    0]
 [   0    0    0 ...    2    0    0]
 ...
 [   4    1    0 ... 6025   10    3]
 [   0    0    0 ...    3  837   79]
 [   0    0    0 ...    4   39 1457]]
iteration 27

avarage loss in epoch: 2.90847684397118 
Accuracy: 0.9022740086449915
Confusion Matrix:
[[5176    1    0 ...    0    1    3]
 [   1  483    0 ...    0    0    0]
 [   0    0    0 ...    2    0    0]
 ...
 [   3    1    0 ... 6017    9    7]
 [   0    0    0 ...    2  822   88]
 [   1    0    0 ...    4   43 1461]]
iteration 28

avarage loss in epoch: 2.908104759891529 
Accuracy: 0.9026707594645952
Confusion Matrix:
[[5178    1    0 ...    1    0    3]
 [   0  484    0 ...    0    0    0]
 [   0    0    0 ...    3    0    0]
 ...
 [   4    2    0 ... 6031   13    4]
 [   0    0    0 ...    2  819   88]
 [   0    0    0 ...    5   38 1467]]
iteration 29

avarage loss in epoch: 2.907823867630742 
Accuracy: 0.9028795756854392
Confusion Matrix:
[[5174    1    0 ...    0    0    2]
 [   0  484    0 ...    0    0    0]
 [   0    0    0 ...    3    0    0]
 ...
 [   6    3    0 ... 6028   17    3]
 [   0    0    0 ...    2  838   77]
 [   1    0    0 ...    3   43 1460]]
iteration 30

avarage loss in epoch: 2.9075404343540936 
Accuracy: 0.902816930819186
Confusion Matrix:
[[5177    0    0 ...    0    1    2]
 [   0  484    0 ...    1    0    0]
 [   0    0    0 ...    1    0    0]
 ...
 [   7    0    0 ... 6031   12    4]
 [   0    0    0 ...    3  818   83]
 [   0    0    0 ...    4   44 1458]]
iteration 31

avarage loss in epoch: 2.9072482179782684 
Accuracy: 0.9032972081271273
Confusion Matrix:
[[5180    0    0 ...    0    0    5]
 [   0  484    0 ...    1    0    0]
 [   0    0    0 ...    2    0    0]
 ...
 [   4    1    0 ... 6040   11    4]
 [   0    0    0 ...    3  827   76]
 [   1    0    0 ...    3   32 1466]]
iteration 32

avarage loss in epoch: 2.9070506555014517 
Accuracy: 0.9022740086449915
Confusion Matrix:
[[5173    1    0 ...    0    1    4]
 [   0  483    0 ...    0    0    0]
 [   0    0    0 ...    1    0    0]
 ...
 [   4    1    0 ... 6030    8    6]
 [   0    0    0 ...    3  834   73]
 [   0    0    0 ...    3   49 1445]]
iteration 33

avarage loss in epoch: 2.906618236795609 
Accuracy: 0.9026289962204264
Confusion Matrix:
[[5180    0    0 ...    0    1    4]
 [   0  482    0 ...    1    0    0]
 [   0    0    0 ...    3    0    0]
 ...
 [   6    1    0 ... 6026    8    3]
 [   0    0    0 ...    6  815   87]
 [   1    0    0 ...    4   40 1454]]
iteration 34

avarage loss in epoch: 2.9064172745558614 
Accuracy: 0.9023575351333292
Confusion Matrix:
[[5171    2    0 ...    0    0    1]
 [   0  484    0 ...    0    0    0]
 [   0    0    0 ...    2    0    0]
 ...
 [   4    1    0 ... 6037    9    1]
 [   0    0    0 ...    7  828   75]
 [   2    0    0 ...    4   45 1452]]
loss list: [3.079814823486004, 2.97991901254292, 2.957183927923407, 2.9457502000701954, 2.9387953771398774, 2.933728013648551, 2.9294267834949643, 2.926269384067205, 2.923880711005457, 2.9217720187113754, 2.9199851307527465, 2.918721131775338, 2.917662398650752, 2.916494995425376, 2.915460856796309, 2.9147862182078073, 2.9138197104396903, 2.9132954986632784, 2.9125319560450604, 2.911924881122744, 2.9113207347500776, 2.9108400447262404, 2.910338108430994, 2.910031833374084, 2.9096288545803506, 2.9091754540331687, 2.908850960224173, 2.90847684397118, 2.908104759891529, 2.907823867630742, 2.9075404343540936, 2.9072482179782684, 2.9070506555014517, 2.906618236795609, 2.9064172745558614]
accuracy list: [0.8384597715550544, 0.8653761824218505, 0.8794712773288229, 0.8841069974315605, 0.8865083839712669, 0.8903088391906283, 0.8938169517008081, 0.8953621917350539, 0.8965733258159494, 0.8980141577397732, 0.8997055691286099, 0.8996846875065255, 0.8990791204660779, 0.8999143853494539, 0.8997473323727787, 0.9007078869886613, 0.9010419929420117, 0.9001858464365512, 0.9011464010524337, 0.9012299275407714, 0.9013760988953622, 0.901731086470797, 0.9012508091628558, 0.9021487189124852, 0.902190482156654, 0.902712522708764, 0.9030883919062833, 0.9022740086449915, 0.9026707594645952, 0.9028795756854392, 0.902816930819186, 0.9032972081271273, 0.9022740086449915, 0.9026289962204264, 0.9023575351333292]
