iteration 0

avarage loss in epoch: 0.9875084434748941 
Accuracy: 0.5830815709969789
Confusion Matrix:
[[1518  442   80   26   28]
 [  65    0  108  103   58]
 [ 111  797 1091   51   42]
 [  21 1148   30 1947    3]
 [  34  515   35   29  655]]
iteration 1

avarage loss in epoch: 0.9424733375597351 
Accuracy: 0.6541234790446147
Confusion Matrix:
[[1619  332   92   25   26]
 [  53    0   80   75   65]
 [  75  644 1309   33   31]
 [  16 1028   14 2088    3]
 [  22  386   45   25  790]]
iteration 2

avarage loss in epoch: 0.9293429610499995 
Accuracy: 0.6746987951807228
Confusion Matrix:
[[1657  294   88   18   37]
 [  27    0   75   35   58]
 [  81  570 1380   25   36]
 [  18 1053   18 2058    2]
 [  25  366   22   14  841]]
iteration 3

avarage loss in epoch: 0.9230316783195688 
Accuracy: 0.6856099509300468
Confusion Matrix:
[[1680  275  110   16   13]
 [  17    0   79   29   35]
 [  58  542 1442   26   24]
 [  16 1067   30 2033    3]
 [  22  338   43   12  853]]
iteration 4

avarage loss in epoch: 0.9194725692202091 
Accuracy: 0.6901601830663615
Confusion Matrix:
[[1687  276  111   10   10]
 [  21    0   62   21   33]
 [  54  531 1459   25   23]
 [  17 1106   28 1996    2]
 [  18  320   26   14  890]]
iteration 5

avarage loss in epoch: 0.9172053232861382 
Accuracy: 0.6984199679413785
Confusion Matrix:
[[1693  293   76    3   29]
 [  12    0   52   26   41]
 [  59  516 1457   30   30]
 [  17 1064   23 2042    3]
 [  24  310   16   10  908]]
iteration 6

avarage loss in epoch: 0.9155011423629725 
Accuracy: 0.7113201055166877
Confusion Matrix:
[[1711  275   65   15   28]
 [   8    0   40   24   44]
 [  51  516 1476   28   21]
 [  13 1012   23 2095    6]
 [  18  306   14   10  920]]
iteration 7

avarage loss in epoch: 0.9144107734086209 
Accuracy: 0.710960788809906
Confusion Matrix:
[[1680  274  101   14   25]
 [  10    0   62   20   27]
 [  35  507 1499   30   21]
 [  12 1006   28 2098    5]
 [  11  305   16   12  924]]
iteration 8

avarage loss in epoch: 0.9134654894034865 
Accuracy: 0.7112845827115142
Confusion Matrix:
[[1738  267   54   12   23]
 [  11    0   47   19   31]
 [  51  505 1488   28   20]
 [  10 1062   31 2041    5]
 [  14  304   10   11  929]]
iteration 9

avarage loss in epoch: 0.9127916650445876 
Accuracy: 0.7081328751431845
Confusion Matrix:
[[1707  271   74   14   28]
 [  18    0   48   19   42]
 [  55  479 1502   24   32]
 [  13 1072   28 2031    5]
 [   8  295   10   13  942]]
iteration 10

avarage loss in epoch: 0.9121674406140671 
Accuracy: 0.7075276243093923
Confusion Matrix:
[[1716  286   64    9   19]
 [   6    0   43   14   22]
 [  47  506 1490   22   27]
 [  15 1092   25 2012    5]
 [  18  301   13    7  929]]
iteration 11

avarage loss in epoch: 0.91168290967987 
Accuracy: 0.7057811424638678
Confusion Matrix:
[[1686  296   81   11   20]
 [  11    0   56   22   26]
 [  37  476 1532   24   23]
 [  17 1091   34 2001    6]
 [  10  297   15   12  934]]
iteration 12

avarage loss in epoch: 0.9112320815792218 
Accuracy: 0.7044776119402985
Confusion Matrix:
[[1701  290   85    6   12]
 [  14    0   51   22   20]
 [  44  483 1523   22   20]
 [  18 1113   36 1979    3]
 [   6  300   21    8  933]]
iteration 13

avarage loss in epoch: 0.9109476168207853 
Accuracy: 0.703406353939672
Confusion Matrix:
[[1706  310   65    6    7]
 [  15    0   57   18   26]
 [  42  480 1522   22   26]
 [  15 1133   25 1967    9]
 [   9  293   17   11  938]]
iteration 14

avarage loss in epoch: 0.9106791295633603 
Accuracy: 0.7130903255387437
Confusion Matrix:
[[1736  273   70    5   10]
 [  10    0   58   26   27]
 [  54  482 1506   25   25]
 [  19 1068   16 2038    8]
 [  10  289   13   15  941]]
iteration 15

avarage loss in epoch: 0.9104188623132271 
Accuracy: 0.7055053221929725
Confusion Matrix:
[[1700  294   77    7   16]
 [  16    0   69   18   31]
 [  42  463 1533   23   31]
 [  18 1105   28 1986   12]
 [   9  293   13    8  945]]
iteration 16

avarage loss in epoch: 0.9102106593891026 
Accuracy: 0.6971677559912854
Confusion Matrix:
[[1696  317   65    5   11]
 [  18    0   50   16   34]
 [  52  501 1491   21   27]
 [  17 1140   23 1955   14]
 [   9  300   12    9  938]]
iteration 17

avarage loss in epoch: 0.9099993944088421 
Accuracy: 0.7048503611971104
Confusion Matrix:
[[1714  292   64   10   14]
 [  14    0   50   14   40]
 [  47  485 1498   29   33]
 [  15 1117   22 1978   17]
 [  13  278   13    7  957]]
iteration 18

avarage loss in epoch: 0.909886799847407 
Accuracy: 0.7072500286336044
Confusion Matrix:
[[1707  302   68    8    9]
 [  17    0   59   19   33]
 [  54  482 1508   23   25]
 [  15 1086   20 2016   12]
 [   8  292   15    9  944]]
iteration 19

avarage loss in epoch: 0.9097696651252108 
Accuracy: 0.6994378800045887
Confusion Matrix:
[[1653  342   77    7   15]
 [  10    0   45   18   41]
 [  43  503 1491   27   28]
 [  15 1090   20 2006   18]
 [  10  289   12   10  947]]
loss list: [0.9875084434748941, 0.9424733375597351, 0.9293429610499995, 0.9230316783195688, 0.9194725692202091, 0.9172053232861382, 0.9155011423629725, 0.9144107734086209, 0.9134654894034865, 0.9127916650445876, 0.9121674406140671, 0.91168290967987, 0.9112320815792218, 0.9109476168207853, 0.9106791295633603, 0.9104188623132271, 0.9102106593891026, 0.9099993944088421, 0.909886799847407, 0.9097696651252108]
accuracy list: [0.5830815709969789, 0.6541234790446147, 0.6746987951807228, 0.6856099509300468, 0.6901601830663615, 0.6984199679413785, 0.7113201055166877, 0.710960788809906, 0.7112845827115142, 0.7081328751431845, 0.7075276243093923, 0.7057811424638678, 0.7044776119402985, 0.703406353939672, 0.7130903255387437, 0.7055053221929725, 0.6971677559912854, 0.7048503611971104, 0.7072500286336044, 0.6994378800045887]
