iteration 0

avarage loss in epoch: 3.0353197090826702 
Accuracy: 0.8883042034705256
Confusion Matrix:
[[  77    0    0 ...    0    0    1]
 [   0    0    0 ...    0    0    1]
 [   0    0  731 ...    0    0    3]
 ...
 [   0    0    1 ...    0    0    0]
 [   0    0    1 ...    0 1183    2]
 [   0    0    0 ...    0    0 3950]]
iteration 1

avarage loss in epoch: 2.928563461823983 
Accuracy: 0.9035060243479713
Confusion Matrix:
[[  77    0    1 ...    0    0    0]
 [   0    0    0 ...    0    0    1]
 [   0    0  812 ...    0    0    0]
 ...
 [   0    0    4 ...    0    0    0]
 [   0    0    1 ...    0 1184    2]
 [   0    0    1 ...    0    0 3974]]
iteration 2

avarage loss in epoch: 2.916147679242725 
Accuracy: 0.9088099563574098
Confusion Matrix:
[[  78    0    0 ...    0    0    1]
 [   0    0    0 ...    0    0    1]
 [   0    0  833 ...    0    0    0]
 ...
 [   0    0    1 ...    0    0    1]
 [   0    0    0 ...    0 1182    3]
 [   0    0    0 ...    0    0 4006]]
iteration 3

avarage loss in epoch: 2.9095445005022302 
Accuracy: 0.9129445175301217
Confusion Matrix:
[[ 111    0    0 ...    0    0    0]
 [   0    0    0 ...    0    0   13]
 [   0    0  845 ...    0    0    0]
 ...
 [   0    0    3 ...    0    0    0]
 [   0    0    0 ...    0 1185    1]
 [   0    0    0 ...    0    0 4065]]
iteration 4

avarage loss in epoch: 2.905027694771834 
Accuracy: 0.913320386727641
Confusion Matrix:
[[ 112    0    0 ...    0    0    1]
 [   0    0    0 ...    0    0   13]
 [   0    0  834 ...    0    0    0]
 ...
 [   0    0    1 ...    0    0    0]
 [   0    0    0 ...    0 1186    3]
 [   0    0    0 ...    0    0 4060]]
iteration 5

avarage loss in epoch: 2.9018503404925413 
Accuracy: 0.9154711938023345
Confusion Matrix:
[[ 112    0    0 ...    0    0    0]
 [   0    0    0 ...    0    0   13]
 [   0    0  836 ...    0    0    1]
 ...
 [   0    0    0 ...    0    0    0]
 [   0    0    0 ...    0 1187    3]
 [   0    0    0 ...    0    0 4065]]
iteration 6

avarage loss in epoch: 2.8999285863862543 
Accuracy: 0.9157217732673474
Confusion Matrix:
[[ 112    0    0 ...    0    0    0]
 [   0    0    0 ...    0    0   13]
 [   0    0  834 ...    0    0    1]
 ...
 [   0    0    0 ...    0    0    0]
 [   0    0    0 ...    0 1186    1]
 [   0    0    0 ...    0    0 4070]]
iteration 7

avarage loss in epoch: 2.898591849686542 
Accuracy: 0.9169120257261584
Confusion Matrix:
[[ 113    0    0 ...    0    0    0]
 [   0    0    0 ...    0    0   13]
 [   0    0  840 ...    0    0    0]
 ...
 [   0    0    0 ...    0    0    0]
 [   0    0    0 ...    0 1187    2]
 [   0    0    0 ...    0    0 4071]]
iteration 8

avarage loss in epoch: 2.8973451442551394 
Accuracy: 0.9175175927666062
Confusion Matrix:
[[ 113    0    0 ...    0    0    0]
 [   0    0    0 ...    0    0   12]
 [   0    0  857 ...    0    0    1]
 ...
 [   0    0    0 ...    0    0    0]
 [   0    0    0 ...    0 1188    3]
 [   0    0    0 ...    0    0 4077]]
iteration 9

avarage loss in epoch: 2.8963187467074287 
Accuracy: 0.9181231598070538
Confusion Matrix:
[[ 113    0    0 ...    0    0    0]
 [   0    0    0 ...    0    0   13]
 [   0    0  846 ...    0    0    0]
 ...
 [   0    0    0 ...    0    0    0]
 [   1    0    0 ...    0 1187    2]
 [   0    0    0 ...    0    0 4073]]
iteration 10

avarage loss in epoch: 2.8951709286968366 
Accuracy: 0.9182484495395602
Confusion Matrix:
[[ 113    0    0 ...    0    0    0]
 [   0    0    0 ...    0    0   13]
 [   0    0  845 ...    0    0    0]
 ...
 [   0    0    0 ...    0    0    0]
 [   0    0    0 ...    0 1188    2]
 [   0    0    0 ...    0    0 4073]]
iteration 11

avarage loss in epoch: 2.894315543192334 
Accuracy: 0.9193134122658648
Confusion Matrix:
[[ 113    0    0 ...    0    0    0]
 [   0    0    0 ...    0    0   13]
 [   0    0  863 ...    0    0    1]
 ...
 [   0    0    0 ...    0    0    0]
 [   0    0    0 ...    0 1187    2]
 [   0    0    0 ...    0    0 4080]]
iteration 12

avarage loss in epoch: 2.8936022881177443 
Accuracy: 0.9195639917308777
Confusion Matrix:
[[ 113    0    0 ...    0    0    0]
 [   0    0    0 ...    0    0   13]
 [   0    0  866 ...    0    0    1]
 ...
 [   0    0    0 ...    0    0    0]
 [   1    0    0 ...    0 1187    2]
 [   0    0    0 ...    0    0 4075]]
iteration 13

avarage loss in epoch: 2.893062707057876 
Accuracy: 0.918854016580008
Confusion Matrix:
[[ 113    0    0 ...    0    0    0]
 [   0    0    0 ...    0    0   13]
 [   0    0  867 ...    0    0    1]
 ...
 [   0    0    0 ...    0    0    0]
 [   0    0    0 ...    0 1188    3]
 [   0    0    0 ...    0    0 4072]]
iteration 14

avarage loss in epoch: 2.8856528403404487 
Accuracy: 0.932677650399883
Confusion Matrix:
[[ 113    0    0 ...    0    0    0]
 [   0    0    0 ...    0    0   13]
 [   0    0  856 ...    0    0    1]
 ...
 [   0    0    0 ...    0    0    0]
 [   0    0    0 ...    0 1188    3]
 [   0    0    0 ...    0    0 4080]]
iteration 15

avarage loss in epoch: 2.87947956050633 
Accuracy: 0.9315291611852409
Confusion Matrix:
[[ 113    0    0 ...    0    0    0]
 [   0    0    0 ...    0    0   13]
 [   0    0  870 ...    0    0    0]
 ...
 [   0    0    0 ...    0    0    0]
 [   0    0    0 ...    0 1188    2]
 [   0    0    0 ...    0    0 4078]]
iteration 16

avarage loss in epoch: 2.878908373703007 
Accuracy: 0.9315709244294097
Confusion Matrix:
[[ 113    0    0 ...    0    0    0]
 [   0    0    0 ...    0    0   13]
 [   0    0  863 ...    0    0    0]
 ...
 [   0    0    0 ...    0    0    0]
 [   0    0    0 ...    0 1187    2]
 [   0    0    0 ...    0    0 4075]]
iteration 17

avarage loss in epoch: 2.878326922376026 
Accuracy: 0.9330117563532335
Confusion Matrix:
[[ 113    0    0 ...    0    0    0]
 [   0    0    0 ...    0    0   13]
 [   0    0  872 ...    0    0    0]
 ...
 [   0    0    0 ...    0    0    0]
 [   0    0    0 ...    0 1188    4]
 [   0    0    2 ...    0    0 4081]]
iteration 18

avarage loss in epoch: 2.8778811701733056 
Accuracy: 0.9327194136440519
Confusion Matrix:
[[ 113    0    0 ...    0    0    0]
 [   0    0    0 ...    0    0   13]
 [   0    0  862 ...    0    0    0]
 ...
 [   0    0    0 ...    0    0    0]
 [   0    0    0 ...    0 1187    2]
 [   0    0    0 ...    0    0 4076]]
iteration 19

avarage loss in epoch: 2.8775290105572218 
Accuracy: 0.9329073482428115
Confusion Matrix:
[[ 113    0    0 ...    0    0    0]
 [   0    0    0 ...    0    0   13]
 [   0    0  860 ...    0    0    0]
 ...
 [   0    0    0 ...    0    0    0]
 [   0    0    0 ...    0 1188    2]
 [   0    0    0 ...    0    0 4075]]
iteration 20

avarage loss in epoch: 2.8771140751482815 
Accuracy: 0.9338470212366097
Confusion Matrix:
[[ 113    0    0 ...    0    0    0]
 [   0    0    0 ...    0    0   13]
 [   0    0  847 ...    0    0    1]
 ...
 [   0    0    0 ...    0    0    0]
 [   0    0    0 ...    0 1188    2]
 [   0    0    0 ...    0    0 4083]]
iteration 21

avarage loss in epoch: 2.876195959087195 
Accuracy: 0.9333876255507528
Confusion Matrix:
[[ 113    0    0 ...    0    0    0]
 [   0    0    0 ...    0    0   13]
 [   0    0  846 ...    0    0    1]
 ...
 [   0    0    0 ...    0    0    1]
 [   0    0    0 ...    0 1188    2]
 [   0    0    0 ...    0    0 4074]]
iteration 22

avarage loss in epoch: 2.8754648046396785 
Accuracy: 0.9342020088120445
Confusion Matrix:
[[ 113    0    0 ...    0    0    0]
 [   0    0    0 ...    0    0   13]
 [   0    0  854 ...    0    0    1]
 ...
 [   0    0    0 ...    0    0    1]
 [   0    0    0 ...    0 1188    2]
 [   0    0    0 ...    0    0 4078]]
iteration 23

avarage loss in epoch: 2.875166932110348 
Accuracy: 0.9341393639457913
Confusion Matrix:
[[ 113    0    0 ...    0    0    0]
 [   0    0    0 ...    0    0   13]
 [   0    0  840 ...    0    0    1]
 ...
 [   0    0    0 ...    0    0    0]
 [   0    0    0 ...    0 1187    4]
 [   0    0    0 ...    0    0 4079]]
iteration 24

avarage loss in epoch: 2.874910492936274 
Accuracy: 0.9336173233936812
Confusion Matrix:
[[ 112    0    0 ...    0    0    0]
 [   0    0    0 ...    0    0   13]
 [   0    0  852 ...    0    0    1]
 ...
 [   0    0    0 ...    0    0    0]
 [   0    0    0 ...    0 1188    3]
 [   0    0    0 ...    0    0 4081]]
iteration 25

avarage loss in epoch: 2.874632004990954 
Accuracy: 0.9342020088120445
Confusion Matrix:
[[ 113    0    0 ...    0    0    0]
 [   0    0    0 ...    0    0   13]
 [   0    0  869 ...    0    0    1]
 ...
 [   0    0    0 ...    0    0    0]
 [   0    0    1 ...    0 1187    3]
 [   0    0    0 ...    0    0 4075]]
iteration 26

avarage loss in epoch: 2.874359098773674 
Accuracy: 0.9343899434108042
Confusion Matrix:
[[ 113    0    0 ...    0    0    0]
 [   0    0    0 ...    0    0   13]
 [   0    0  857 ...    0    0    0]
 ...
 [   0    0    0 ...    0    0    0]
 [   0    0    0 ...    0 1187    2]
 [   0    0    0 ...    0    0 4078]]
iteration 27

avarage loss in epoch: 2.8742309675280273 
Accuracy: 0.9341602455678757
Confusion Matrix:
[[ 112    0    0 ...    0    0    0]
 [   0    0    0 ...    0    0   13]
 [   0    0  869 ...    0    1    1]
 ...
 [   0    0    0 ...    0    0    0]
 [   0    0    0 ...    0 1188    3]
 [   0    0    1 ...    0    0 4086]]
iteration 28

avarage loss in epoch: 2.8739995189290175 
Accuracy: 0.9342228904341289
Confusion Matrix:
[[ 113    0    0 ...    0    0    0]
 [   0    0    0 ...    0    0   13]
 [   0    0  855 ...    0    1    0]
 ...
 [   0    0    0 ...    0    0    0]
 [   0    0    0 ...    0 1187    4]
 [   0    0    0 ...    0    0 4078]]
iteration 29

avarage loss in epoch: 2.87374763945107 
Accuracy: 0.9348911023408298
Confusion Matrix:
[[ 112    0    0 ...    0    0    0]
 [   0    0    0 ...    0    0   13]
 [   0    0  872 ...    0    1    0]
 ...
 [   0    0    0 ...    0    0    0]
 [   0    0    0 ...    0 1187    3]
 [   0    0    1 ...    0    0 4078]]
iteration 30

avarage loss in epoch: 2.873538937694504 
Accuracy: 0.9343690617887197
Confusion Matrix:
[[ 113    0    0 ...    0    0    0]
 [   0    0    0 ...    0    0   13]
 [   0    0  864 ...    0    0    0]
 ...
 [   0    0    0 ...    0    0    0]
 [   1    0    0 ...    0 1187    4]
 [   0    0    0 ...    0    0 4081]]
iteration 31

avarage loss in epoch: 2.873449842019533 
Accuracy: 0.934849339096661
Confusion Matrix:
[[ 114    0    0 ...    0    0    0]
 [   0    0    0 ...    0    0   13]
 [   0    0  851 ...    0    0    0]
 ...
 [   0    0    0 ...    0    0    0]
 [   0    0    0 ...    0 1187    3]
 [   0    0    0 ...    0    0 4078]]
iteration 32

avarage loss in epoch: 2.873281828230342 
Accuracy: 0.9344734698991418
Confusion Matrix:
[[ 114    0    0 ...    0    0    0]
 [   0    0    0 ...    0    0   13]
 [   0    0  854 ...    0    0    0]
 ...
 [   0    0    0 ...    0    0    0]
 [   0    0    0 ...    0 1187    2]
 [   0    0    0 ...    0    0 4079]]
iteration 33

avarage loss in epoch: 2.872680022762866 
Accuracy: 0.9348911023408298
Confusion Matrix:
[[ 113    0    0 ...    0    0    0]
 [   0    0    0 ...    0    0   13]
 [   0    0  863 ...    0    0    0]
 ...
 [   0    0    0 ...    0    0    0]
 [   0    0    0 ...    0 1187    3]
 [   0    0    0 ...    0    0 4085]]
iteration 34

avarage loss in epoch: 2.872425312893074 
Accuracy: 0.9349328655849987
Confusion Matrix:
[[ 113    0    0 ...    0    0    0]
 [   0    0    0 ...    0    0   13]
 [   0    0  863 ...    0    0    0]
 ...
 [   0    0    0 ...    0    0    0]
 [   0    0    0 ...    0 1188    2]
 [   0    0    0 ...    0    0 4085]]
loss list: [3.0353197090826702, 2.928563461823983, 2.916147679242725, 2.9095445005022302, 2.905027694771834, 2.9018503404925413, 2.8999285863862543, 2.898591849686542, 2.8973451442551394, 2.8963187467074287, 2.8951709286968366, 2.894315543192334, 2.8936022881177443, 2.893062707057876, 2.8856528403404487, 2.87947956050633, 2.878908373703007, 2.878326922376026, 2.8778811701733056, 2.8775290105572218, 2.8771140751482815, 2.876195959087195, 2.8754648046396785, 2.875166932110348, 2.874910492936274, 2.874632004990954, 2.874359098773674, 2.8742309675280273, 2.8739995189290175, 2.87374763945107, 2.873538937694504, 2.873449842019533, 2.873281828230342, 2.872680022762866, 2.872425312893074]
accuracy list: [0.8883042034705256, 0.9035060243479713, 0.9088099563574098, 0.9129445175301217, 0.913320386727641, 0.9154711938023345, 0.9157217732673474, 0.9169120257261584, 0.9175175927666062, 0.9181231598070538, 0.9182484495395602, 0.9193134122658648, 0.9195639917308777, 0.918854016580008, 0.932677650399883, 0.9315291611852409, 0.9315709244294097, 0.9330117563532335, 0.9327194136440519, 0.9329073482428115, 0.9338470212366097, 0.9333876255507528, 0.9342020088120445, 0.9341393639457913, 0.9336173233936812, 0.9342020088120445, 0.9343899434108042, 0.9341602455678757, 0.9342228904341289, 0.9348911023408298, 0.9343690617887197, 0.934849339096661, 0.9344734698991418, 0.9348911023408298, 0.9349328655849987]
